
     0.500000     0.000000  
     0.510000     0.000000  
     0.520000     0.000000  
     0.530000     0.000000  
     0.540000     0.000000  
     0.550000     0.000000  
     0.560000     0.000000  
     0.570000     0.000000  
     0.580000     0.000000  
     0.590000     0.000000  
     0.600000     0.000000  
     0.610000     0.000000  
     0.620000     0.000000  
     0.630000     0.000000  
     0.640000     0.000000  
     0.650000     0.000000  
     0.660000     0.000000  
     0.670000     0.000000  
     0.680000     0.000000  
     0.690000     0.000000  
     0.700000     0.000000  
     0.710000     0.000000  
     0.720000     0.000000  
     0.730000     0.000000  
     0.740000     0.000000  
     0.750000     0.000000  
     0.760000     0.000000  
     0.770000     0.000000  
     0.780000     0.000000  
     0.790000     0.000000  
     0.800000     0.000000  
     0.810000     0.000000  
     0.820000     0.000000  
     0.830000     0.000000  
     0.840000     0.000000  
     0.850000     0.000000  
     0.860000     0.000000  
     0.870000     0.000000  
     0.880000     0.000000  
     0.890000     0.000000  
     0.900000     0.000000  
     0.910000     0.000000  
     0.920000     0.000000  
     0.930000     0.000000  
     0.940000     0.000000  
     0.950000     0.000000  
     0.960000     0.000000  
     0.970000     0.000000  
     0.980000     0.000000  
     0.990000     0.000000  
     1.000000     0.000000  
     1.010000     0.000000  
     1.020000     0.000000  
     1.030000     0.000000  
     1.040000     0.000000  
     1.050000     0.000000  
     1.060000     0.000000  
     1.070000     0.000000  
     1.080000     0.000000  
     1.090000     0.000000  
     1.100000     0.000000  
     1.110000     0.000000  
     1.120000     0.000000  
     1.130000     0.000000  
     1.140000     0.000000  
     1.150000     0.000000  
     1.160000     0.000000  
     1.170000     0.000000  
     1.180000     0.000000  
     1.190000     0.000000  
     1.200000     0.000000  
     1.210000     0.000000  
     1.220000     0.000000  
     1.230000     0.000000  
     1.240000     0.000000  
     1.250000     0.000000  
     1.260000     0.000000  
     1.270000     0.000000  
     1.280000     0.000000  
     1.290000     0.000000  
     1.300000     0.000000  
     1.310000     0.000000  
     1.320000     0.000000  
     1.330000     0.000000  
     1.340000     0.000000  
     1.350000     0.000000  
     1.360000     0.000000  
     1.370000     0.000000  
     1.380000     0.000000  
     1.390000     0.000000  
     1.400000     0.000000  
     1.410000     0.000000  
     1.420000     0.000000  
     1.430000     0.000000  
     1.440000     0.000000  
     1.450000     0.000000  
     1.460000     0.000000  
     1.470000     0.000000  
     1.480000     0.000000  
     1.490000     0.000000  
     1.500000     0.000000  
     1.510000     0.000000  
     1.520000     0.000000  
     1.530000     0.000000  
     1.540000     0.000000  
     1.550000     0.000000  
     1.560000     0.000000  
     1.570000     0.000000  
     1.580000     0.000000  
     1.590000     0.000000  
     1.600000     0.000000  
     1.610000     0.000000  
     1.620000     0.000000  
     1.630000     0.000000  
     1.640000     0.000000  
     1.650000     0.000001  
     1.660000     0.000001  
     1.670000     0.000001  
     1.680000     0.000001  
     1.690000     0.000001  
     1.700000     0.000001  
     1.710000     0.000001  
     1.720000     0.000001  
     1.730000     0.000001  
     1.740000     0.000001  
     1.750000     0.000001  
     1.760000     0.000001  
     1.770000     0.000001  
     1.780000     0.000001  
     1.790000     0.000002  
     1.800000     0.000002  
     1.810000     0.000002  
     1.820000     0.000002  
     1.830000     0.000002  
     1.840000     0.000002  
     1.850000     0.000003  
     1.860000     0.000003  
     1.870000     0.000003  
     1.880000     0.000003  
     1.890000     0.000004  
     1.900000     0.000004  
     1.910000     0.000004  
     1.920000     0.000004  
     1.930000     0.000005  
     1.940000     0.000005  
     1.950000     0.000006  
     1.960000     0.000006  
     1.970000     0.000007  
     1.980000     0.000007  
     1.990000     0.000008  
     2.000000     0.000008  
     2.010000     0.000009  
     2.020000     0.000010  
     2.030000     0.000010  
     2.040000     0.000011  
     2.050000     0.000012  
     2.060000     0.000013  
     2.070000     0.000014  
     2.080000     0.000015  
     2.090000     0.000016  
     2.100000     0.000017  
     2.110000     0.000018  
     2.120000     0.000020  
     2.130000     0.000021  
     2.140000     0.000023  
     2.150000     0.000025  
     2.160000     0.000026  
     2.170000     0.000028  
     2.180000     0.000030  
     2.190000     0.000033  
     2.200000     0.000035  
     2.210000     0.000038  
     2.220000     0.000040  
     2.230000     0.000043  
     2.240000     0.000046  
     2.250000     0.000049  
     2.260000     0.000053  
     2.270000     0.000057  
     2.280000     0.000061  
     2.290000     0.000065  
     2.300000     0.000070  
     2.310000     0.000074  
     2.320000     0.000080  
     2.330000     0.000085  
     2.340000     0.000091  
     2.350000     0.000097  
     2.360000     0.000104  
     2.370000     0.000111  
     2.380000     0.000118  
     2.390000     0.000126  
     2.400000     0.000135  
     2.410000     0.000144  
     2.420000     0.000154  
     2.430000     0.000164  
     2.440000     0.000175  
     2.450000     0.000186  
     2.460000     0.000198  
     2.470000     0.000211  
     2.480000     0.000225  
     2.490000     0.000240  
     2.500000     0.000255  
     2.510000     0.000272  
     2.520000     0.000289  
     2.530000     0.000308  
     2.540000     0.000327  
     2.550000     0.000348  
     2.560000     0.000370  
     2.570000     0.000393  
     2.580000     0.000417  
     2.590000     0.000443  
     2.600000     0.000471  
     2.610000     0.000500  
     2.620000     0.000531  
     2.630000     0.000563  
     2.640000     0.000597  
     2.650000     0.000634  
     2.660000     0.000672  
     2.670000     0.000712  
     2.680000     0.000755  
     2.690000     0.000800  
     2.700000     0.000847  
     2.710000     0.000897  
     2.720000     0.000950  
     2.730000     0.001006  
     2.740000     0.001064  
     2.750000     0.001126  
     2.760000     0.001191  
     2.770000     0.001260  
     2.780000     0.001332  
     2.790000     0.001408  
     2.800000     0.001487  
     2.810000     0.001571  
     2.820000     0.001659  
     2.830000     0.001752  
     2.840000     0.001850  
     2.850000     0.001952  
     2.860000     0.002059  
     2.870000     0.002172  
     2.880000     0.002291  
     2.890000     0.002415  
     2.900000     0.002546  
     2.910000     0.002683  
     2.920000     0.002826  
     2.930000     0.002977  
     2.940000     0.003134  
     2.950000     0.003300  
     2.960000     0.003473  
     2.970000     0.003654  
     2.980000     0.003844  
     2.990000     0.004042  
     3.000000     0.004250  
     3.010000     0.004468  
     3.020000     0.004695  
     3.030000     0.004932  
     3.040000     0.005181  
     3.050000     0.005440  
     3.060000     0.005711  
     3.070000     0.005994  
     3.080000     0.006290  
     3.090000     0.006598  
     3.100000     0.006920  
     3.110000     0.007256  
     3.120000     0.007606  
     3.130000     0.007971  
     3.140000     0.008352  
     3.150000     0.008748  
     3.160000     0.009161  
     3.170000     0.009591  
     3.180000     0.010039  
     3.190000     0.010505  
     3.200000     0.010990  
     3.210000     0.011494  
     3.220000     0.012019  
     3.230000     0.012564  
     3.240000     0.013131  
     3.250000     0.013720  
     3.260000     0.014332  
     3.270000     0.014967  
     3.280000     0.015626  
     3.290000     0.016311  
     3.300000     0.017021  
     3.310000     0.017758  
     3.320000     0.018522  
     3.330000     0.019314  
     3.340000     0.020135  
     3.350000     0.020986  
     3.360000     0.021867  
     3.370000     0.022779  
     3.380000     0.023723  
     3.390000     0.024701  
     3.400000     0.025712  
     3.410000     0.026758  
     3.420000     0.027840  
     3.430000     0.028958  
     3.440000     0.030113  
     3.450000     0.031307  
     3.460000     0.032540  
     3.470000     0.033813  
     3.480000     0.035127  
     3.490000     0.036483  
     3.500000     0.037881  
     3.510000     0.039324  
     3.520000     0.040811  
     3.530000     0.042344  
     3.540000     0.043924  
     3.550000     0.045551  
     3.560000     0.047227  
     3.570000     0.048952  
     3.580000     0.050727  
     3.590000     0.052554  
     3.600000     0.054433  
     3.610000     0.056364  
     3.620000     0.058350  
     3.630000     0.060391  
     3.640000     0.062487  
     3.650000     0.064640  
     3.660000     0.066851  
     3.670000     0.069120  
     3.680000     0.071447  
     3.690000     0.073835  
     3.700000     0.076284  
     3.710000     0.078794  
     3.720000     0.081366  
     3.730000     0.084002  
     3.740000     0.086701  
     3.750000     0.089464  
     3.760000     0.092292  
     3.770000     0.095186  
     3.780000     0.098147  
     3.790000     0.101174  
     3.800000     0.104268  
     3.810000     0.107430  
     3.820000     0.110660  
     3.830000     0.113959  
     3.840000     0.117327  
     3.850000     0.120764  
     3.860000     0.124271  
     3.870000     0.127847  
     3.880000     0.131494  
     3.890000     0.135211  
     3.900000     0.138998  
     3.910000     0.142856  
     3.920000     0.146784  
     3.930000     0.150782  
     3.940000     0.154851  
     3.950000     0.158989  
     3.960000     0.163198  
     3.970000     0.167476  
     3.980000     0.171823  
     3.990000     0.176238  
     4.000000     0.180722  
     4.010000     0.185274  
     4.020000     0.189893  
     4.030000     0.194579  
     4.040000     0.199330  
     4.050000     0.204146  
     4.060000     0.209027  
     4.070000     0.213970  
     4.080000     0.218976  
     4.090000     0.224043  
     4.100000     0.229170  
     4.110000     0.234355  
     4.120000     0.239598  
     4.130000     0.244897  
     4.140000     0.250250  
     4.150000     0.255657  
     4.160000     0.261115  
     4.170000     0.266623  
     4.180000     0.272180  
     4.190000     0.277782  
     4.200000     0.283429  
     4.210000     0.289119  
     4.220000     0.294849  
     4.230000     0.300617  
     4.240000     0.306422  
     4.250000     0.312260  
     4.260000     0.318131  
     4.270000     0.324030  
     4.280000     0.329957  
     4.290000     0.335908  
     4.300000     0.341881  
     4.310000     0.347873  
     4.320000     0.353882  
     4.330000     0.359904  
     4.340000     0.365937  
     4.350000     0.371979  
     4.360000     0.378026  
     4.370000     0.384075  
     4.380000     0.390123  
     4.390000     0.396168  
     4.400000     0.402205  
     4.410000     0.408233  
     4.420000     0.414247  
     4.430000     0.420245  
     4.440000     0.426223  
     4.450000     0.432178  
     4.460000     0.438107  
     4.470000     0.444006  
     4.480000     0.449872  
     4.490000     0.455701  
     4.500000     0.461491  
     4.510000     0.467237  
     4.520000     0.472937  
     4.530000     0.478587  
     4.540000     0.484183  
     4.550000     0.489722  
     4.560000     0.495200  
     4.570000     0.500615  
     4.580000     0.505962  
     4.590000     0.511239  
     4.600000     0.516442  
     4.610000     0.521567  
     4.620000     0.526611  
     4.630000     0.531571  
     4.640000     0.536444  
     4.650000     0.541226  
     4.660000     0.545914  
     4.670000     0.550506  
     4.680000     0.554997  
     4.690000     0.559385  
     4.700000     0.563666  
     4.710000     0.567839  
     4.720000     0.571899  
     4.730000     0.575844  
     4.740000     0.579672  
     4.750000     0.583379  
     4.760000     0.586963  
     4.770000     0.590422  
     4.780000     0.593752  
     4.790000     0.596952  
     4.800000     0.600019  
     4.810000     0.602952  
     4.820000     0.605747  
     4.830000     0.608403  
     4.840000     0.610918  
     4.850000     0.613290  
     4.860000     0.615517  
     4.870000     0.617598  
     4.880000     0.619531  
     4.890000     0.621314  
     4.900000     0.622947  
     4.910000     0.624429  
     4.920000     0.625757  
     4.930000     0.626931  
     4.940000     0.627951  
     4.950000     0.628815  
     4.960000     0.629523  
     4.970000     0.630074  
     4.980000     0.630468  
     4.990000     0.630704  
     5.000000     0.630783  
     5.010000     0.630704  
     5.020000     0.630468  
     5.030000     0.630074  
     5.040000     0.629523  
     5.050000     0.628815  
     5.060000     0.627951  
     5.070000     0.626931  
     5.080000     0.625757  
     5.090000     0.624429  
     5.100000     0.622947  
     5.110000     0.621314  
     5.120000     0.619531  
     5.130000     0.617598  
     5.140000     0.615517  
     5.150000     0.613290  
     5.160000     0.610918  
     5.170000     0.608403  
     5.180000     0.605747  
     5.190000     0.602952  
     5.200000     0.600019  
     5.210000     0.596952  
     5.220000     0.593752  
     5.230000     0.590422  
     5.240000     0.586963  
     5.250000     0.583379  
     5.260000     0.579672  
     5.270000     0.575844  
     5.280000     0.571899  
     5.290000     0.567839  
     5.300000     0.563666  
     5.310000     0.559385  
     5.320000     0.554997  
     5.330000     0.550506  
     5.340000     0.545914  
     5.350000     0.541226  
     5.360000     0.536444  
     5.370000     0.531571  
     5.380000     0.526611  
     5.390000     0.521567  
     5.400000     0.516442  
     5.410000     0.511239  
     5.420000     0.505962  
     5.430000     0.500615  
     5.440000     0.495200  
     5.450000     0.489722  
     5.460000     0.484183  
     5.470000     0.478587  
     5.480000     0.472937  
     5.490000     0.467237  
     5.500000     0.461491  
     5.510000     0.455701  
     5.520000     0.449872  
     5.530000     0.444006  
     5.540000     0.438107  
     5.550000     0.432178  
     5.560000     0.426223  
     5.570000     0.420245  
     5.580000     0.414247  
     5.590000     0.408233  
     5.600000     0.402205  
     5.610000     0.396168  
     5.620000     0.390123  
     5.630000     0.384075  
     5.640000     0.378026  
     5.650000     0.371979  
     5.660000     0.365937  
     5.670000     0.359904  
     5.680000     0.353882  
     5.690000     0.347873  
     5.700000     0.341881  
     5.710000     0.335908  
     5.720000     0.329957  
     5.730000     0.324030  
     5.740000     0.318131  
     5.750000     0.312260  
     5.760000     0.306422  
     5.770000     0.300617  
     5.780000     0.294849  
     5.790000     0.289119  
     5.800000     0.283429  
     5.810000     0.277782  
     5.820000     0.272180  
     5.830000     0.266623  
     5.840000     0.261115  
     5.850000     0.255657  
     5.860000     0.250250  
     5.870000     0.244897  
     5.880000     0.239598  
     5.890000     0.234355  
     5.900000     0.229170  
     5.910000     0.224043  
     5.920000     0.218976  
     5.930000     0.213970  
     5.940000     0.209027  
     5.950000     0.204146  
     5.960000     0.199330  
     5.970000     0.194579  
     5.980000     0.189893  
     5.990000     0.185274  
     6.000000     0.180722  
     6.010000     0.176238  
     6.020000     0.171823  
     6.030000     0.167476  
     6.040000     0.163198  
     6.050000     0.158989  
     6.060000     0.154851  
     6.070000     0.150782  
     6.080000     0.146784  
     6.090000     0.142856  
     6.100000     0.138998  
     6.110000     0.135211  
     6.120000     0.131494  
     6.130000     0.127847  
     6.140000     0.124271  
     6.150000     0.120764  
     6.160000     0.117327  
     6.170000     0.113959  
     6.180000     0.110660  
     6.190000     0.107430  
     6.200000     0.104268  
     6.210000     0.101174  
     6.220000     0.098147  
     6.230000     0.095186  
     6.240000     0.092292  
     6.250000     0.089464  
     6.260000     0.086701  
     6.270000     0.084002  
     6.280000     0.081366  
     6.290000     0.078794  
     6.300000     0.076284  
     6.310000     0.073835  
     6.320000     0.071447  
     6.330000     0.069120  
     6.340000     0.066851  
     6.350000     0.064640  
     6.360000     0.062487  
     6.370000     0.060391  
     6.380000     0.058350  
     6.390000     0.056364  
     6.400000     0.054433  
     6.410000     0.052554  
     6.420000     0.050727  
     6.430000     0.048952  
     6.440000     0.047227  
     6.450000     0.045551  
     6.460000     0.043924  
     6.470000     0.042344  
     6.480000     0.040811  
     6.490000     0.039324  
     6.500000     0.037881  
     6.510000     0.036483  
     6.520000     0.035127  
     6.530000     0.033813  
     6.540000     0.032540  
     6.550000     0.031307  
     6.560000     0.030113  
     6.570000     0.028958  
     6.580000     0.027840  
     6.590000     0.026758  
     6.600000     0.025712  
     6.610000     0.024701  
     6.620000     0.023723  
     6.630000     0.022779  
     6.640000     0.021867  
     6.650000     0.020986  
     6.660000     0.020135  
     6.670000     0.019314  
     6.680000     0.018522  
     6.690000     0.017758  
     6.700000     0.017021  
     6.710000     0.016311  
     6.720000     0.015626  
     6.730000     0.014967  
     6.740000     0.014332  
     6.750000     0.013720  
     6.760000     0.013131  
     6.770000     0.012564  
     6.780000     0.012019  
     6.790000     0.011494  
     6.800000     0.010990  
     6.810000     0.010505  
     6.820000     0.010039  
     6.830000     0.009591  
     6.840000     0.009161  
     6.850000     0.008748  
     6.860000     0.008352  
     6.870000     0.007971  
     6.880000     0.007606  
     6.890000     0.007256  
     6.900000     0.006920  
     6.910000     0.006598  
     6.920000     0.006290  
     6.930000     0.005994  
     6.940000     0.005711  
     6.950000     0.005440  
     6.960000     0.005181  
     6.970000     0.004932  
     6.980000     0.004695  
     6.990000     0.004468  
     7.000000     0.004250  
     7.010000     0.004042  
     7.020000     0.003844  
     7.030000     0.003654  
     7.040000     0.003473  
     7.050000     0.003300  
     7.060000     0.003134  
     7.070000     0.002977  
     7.080000     0.002826  
     7.090000     0.002683  
     7.100000     0.002546  
     7.110000     0.002415  
     7.120000     0.002291  
     7.130000     0.002172  
     7.140000     0.002059  
     7.150000     0.001952  
     7.160000     0.001850  
     7.170000     0.001752  
     7.180000     0.001659  
     7.190000     0.001571  
     7.200000     0.001487  
     7.210000     0.001408  
     7.220000     0.001332  
     7.230000     0.001260  
     7.240000     0.001191  
     7.250000     0.001126  
     7.260000     0.001064  
     7.270000     0.001006  
     7.280000     0.000950  
     7.290000     0.000897  
     7.300000     0.000847  
     7.310000     0.000800  
     7.320000     0.000755  
     7.330000     0.000712  
     7.340000     0.000672  
     7.350000     0.000634  
     7.360000     0.000597  
     7.370000     0.000563  
     7.380000     0.000531  
     7.390000     0.000500  
     7.400000     0.000471  
     7.410000     0.000443  
     7.420000     0.000417  
     7.430000     0.000393  
     7.440000     0.000370  
     7.450000     0.000348  
     7.460000     0.000327  
     7.470000     0.000308  
     7.480000     0.000289  
     7.490000     0.000272  
     7.500000     0.000255  
     7.510000     0.000240  
     7.520000     0.000225  
     7.530000     0.000211  
     7.540000     0.000198  
     7.550000     0.000186  
     7.560000     0.000175  
     7.570000     0.000164  
     7.580000     0.000154  
     7.590000     0.000144  
     7.600000     0.000135  
     7.610000     0.000126  
     7.620000     0.000118  
     7.630000     0.000111  
     7.640000     0.000104  
     7.650000     0.000097  
     7.660000     0.000091  
     7.670000     0.000085  
     7.680000     0.000080  
     7.690000     0.000074  
     7.700000     0.000070  
     7.710000     0.000065  
     7.720000     0.000061  
     7.730000     0.000057  
     7.740000     0.000053  
     7.750000     0.000049  
     7.760000     0.000046  
     7.770000     0.000043  
     7.780000     0.000040  
     7.790000     0.000038  
     7.800000     0.000035  
     7.810000     0.000033  
     7.820000     0.000030  
     7.830000     0.000028  
     7.840000     0.000026  
     7.850000     0.000025  
     7.860000     0.000023  
     7.870000     0.000021  
     7.880000     0.000020  
     7.890000     0.000018  
     7.900000     0.000017  
     7.910000     0.000016  
     7.920000     0.000015  
     7.930000     0.000014  
     7.940000     0.000013  
     7.950000     0.000012  
     7.960000     0.000011  
     7.970000     0.000010  
     7.980000     0.000010  
     7.990000     0.000009  
     8.000000     0.000008  
     8.010000     0.000008  
     8.020000     0.000007  
     8.030000     0.000007  
     8.040000     0.000006  
     8.050000     0.000006  
     8.060000     0.000005  
     8.070000     0.000005  
     8.080000     0.000004  
     8.090000     0.000004  
     8.100000     0.000004  
     8.110000     0.000004  
     8.120000     0.000003  
     8.130000     0.000003  
     8.140000     0.000003  
     8.150000     0.000003  
     8.160000     0.000002  
     8.170000     0.000002  
     8.180000     0.000002  
     8.190000     0.000002  
     8.200000     0.000002  
     8.210000     0.000002  
     8.220000     0.000001  
     8.230000     0.000001  
     8.240000     0.000001  
     8.250000     0.000001  
     8.260000     0.000001  
     8.270000     0.000001  
     8.280000     0.000001  
     8.290000     0.000001  
     8.300000     0.000001  
     8.310000     0.000001  
     8.320000     0.000001  
     8.330000     0.000001  
     8.340000     0.000001  
     8.350000     0.000001  
     8.360000     0.000000  
     8.370000     0.000000  
     8.380000     0.000000  
     8.390000     0.000000  
     8.400000     0.000000  
     8.410000     0.000000  
     8.420000     0.000000  
     8.430000     0.000000  
     8.440000     0.000000  
     8.450000     0.000000  
     8.460000     0.000000  
     8.470000     0.000000  
     8.480000     0.000000  
     8.490000     0.000000  
     8.500000     0.000000  
     8.510000     0.000000  
     8.520000     0.000000  
     8.530000     0.000000  
     8.540000     0.000000  
     8.550000     0.000000  
     8.560000     0.000000  
     8.570000     0.000000  
     8.580000     0.000000  
     8.590000     0.000000  
     8.600000     0.000000  
     8.610000     0.000000  
     8.620000     0.000000  
     8.630000     0.000000  
     8.640000     0.000000  
     8.650000     0.000000  
     8.660000     0.000000  
     8.670000     0.000000  
     8.680000     0.000000  
     8.690000     0.000000  
     8.700000     0.000000  
     8.710000     0.000000  
     8.720000     0.000000  
     8.730000     0.000000  
     8.740000     0.000000  
     8.750000     0.000000  
     8.760000     0.000000  
     8.770000     0.000000  
     8.780000     0.000000  
     8.790000     0.000000  
     8.800000     0.000000  
     8.810000     0.000000  
     8.820000     0.000000  
     8.830000     0.000000  
     8.840000     0.000000  
     8.850000     0.000000  
     8.860000     0.000000  
     8.870000     0.000000  
     8.880000     0.000000  
     8.890000     0.000000  
     8.900000     0.000000  
     8.910000     0.000000  
     8.920000     0.000000  
     8.930000     0.000000  
     8.940000     0.000000  
     8.950000     0.000000  
     8.960000     0.000000  
     8.970000     0.000000  
     8.980000     0.000000  
     8.990000     0.000000  
     9.000000     0.000000  
     9.010000     0.000000  
     9.020000     0.000000  
     9.030000     0.000000  
     9.040000     0.000000  
     9.050000     0.000000  
     9.060000     0.000000  
     9.070000     0.000000  
     9.080000     0.000000  
     9.090000     0.000000  
     9.100000     0.000000  
     9.110000     0.000000  
     9.120000     0.000000  
     9.130000     0.000000  
     9.140000     0.000000  
     9.150000     0.000000  
     9.160000     0.000000  
     9.170000     0.000000  
     9.180000     0.000000  
     9.190000     0.000000  
     9.200000     0.000000  
     9.210000     0.000000  
     9.220000     0.000000  
     9.230000     0.000000  
     9.240000     0.000000  
     9.250000     0.000000  
     9.260000     0.000000  
     9.270000     0.000000  
     9.280000     0.000000  
     9.290000     0.000000  
     9.300000     0.000000  
     9.310000     0.000000  
     9.320000     0.000000  
     9.330000     0.000000  
     9.340000     0.000000  
     9.350000     0.000000  
     9.360000     0.000000  
     9.370000     0.000000  
     9.380000     0.000000  
     9.390000     0.000000  
     9.400000     0.000000  
     9.410000     0.000000  
     9.420000     0.000000  
     9.430000     0.000000  
     9.440000     0.000000  
     9.450000     0.000000  
     9.460000     0.000000  
     9.470000     0.000000  
     9.480000     0.000000  
     9.490000     0.000000  
     9.500000     0.000000  