
   0.0000   0.0000
   0.0100   0.0000
   0.0200   0.0000
   0.0300   0.0000
   0.0400   0.0000
   0.0500   0.0000
   0.0600   0.0000
   0.0700   0.0000
   0.0800   0.0000
   0.0900   0.0000
   0.1000   0.0000
   0.1100   0.0000
   0.1200   0.0000
   0.1300   0.0000
   0.1400   0.0000
   0.1500   0.0000
   0.1600   0.0000
   0.1700   0.0000
   0.1800   0.0000
   0.1900   0.0000
   0.2000   0.0000
   0.2100   0.0000
   0.2200   0.0000
   0.2300   0.0000
   0.2400   0.0000
   0.2500   0.0000
   0.2600   0.0000
   0.2700   0.0000
   0.2800   0.0000
   0.2900   0.0000
   0.3000   0.0000
   0.3100   0.0000
   0.3200   0.0000
   0.3300   0.0000
   0.3400   0.0000
   0.3500   0.0000
   0.3600   0.0000
   0.3700   0.0000
   0.3800   0.0000
   0.3900   0.0000
   0.4000   0.0000
   0.4100   0.0000
   0.4200   0.0000
   0.4300   0.0000
   0.4400   0.0000
   0.4500   0.0000
   0.4600   0.0000
   0.4700   0.0000
   0.4800   0.0000
   0.4900   0.0000
   0.5000   0.0000
   0.5100   0.0000
   0.5200   0.0000
   0.5300   0.0000
   0.5400   0.0000
   0.5500   0.0000
   0.5600   0.0000
   0.5700   0.0000
   0.5800   0.0000
   0.5900   0.0000
   0.6000   0.0000
   0.6100   0.0000
   0.6200   0.0000
   0.6300   0.0000
   0.6400   0.0000
   0.6500   0.0000
   0.6600   0.0000
   0.6700   0.0000
   0.6800   0.0000
   0.6900   0.0000
   0.7000   0.0000
   0.7100   0.0000
   0.7200   0.0000
   0.7300   0.0000
   0.7400   0.0000
   0.7500   0.0000
   0.7600   0.0000
   0.7700   0.0000
   0.7800   0.0000
   0.7900   0.0000
   0.8000   0.0000
   0.8100   0.0000
   0.8200   0.0000
   0.8300   0.0000
   0.8400   0.0000
   0.8500   0.0000
   0.8600   0.0000
   0.8700   0.0000
   0.8800   0.0000
   0.8900   0.0000
   0.9000   0.0000
   0.9100   0.0000
   0.9200   0.0000
   0.9300   0.0000
   0.9400   0.0000
   0.9500   0.0000
   0.9600   0.0000
   0.9700   0.0000
   0.9800   0.0000
   0.9900   0.0000
   1.0000   0.0000
   1.0100   0.0000
   1.0200   0.0000
   1.0300   0.0000
   1.0400   0.0000
   1.0500   0.0000
   1.0600   0.0000
   1.0700   0.0000
   1.0800   0.0000
   1.0900   0.0000
   1.1000   0.0000
   1.1100   0.0000
   1.1200   0.0000
   1.1300   0.0000
   1.1400   0.0000
   1.1500   0.0000
   1.1600   0.0000
   1.1700   0.0000
   1.1800   0.0000
   1.1900   0.0000
   1.2000   0.0000
   1.2100   0.0000
   1.2200   0.0000
   1.2300   0.0000
   1.2400   0.0000
   1.2500   0.0000
   1.2600   0.0000
   1.2700   0.0000
   1.2800   0.0000
   1.2900   0.0000
   1.3000   0.0000
   1.3100   0.0000
   1.3200   0.0000
   1.3300   0.0000
   1.3400   0.0000
   1.3500   0.0000
   1.3600   0.0000
   1.3700   0.0000
   1.3800   0.0000
   1.3900   0.0000
   1.4000   0.0000
   1.4100   0.0000
   1.4200   0.0000
   1.4300   0.0000
   1.4400   0.0000
   1.4500   0.0000
   1.4600   0.0000
   1.4700   0.0000
   1.4800   0.0000
   1.4900   0.0000
   1.5000   0.0000
   1.5100   0.0000
   1.5200   0.0000
   1.5300   0.0000
   1.5400   0.0000
   1.5500   0.0000
   1.5600   0.0000
   1.5700   0.0000
   1.5800   0.0000
   1.5900   0.0000
   1.6000   0.0000
   1.6100   0.0000
   1.6200   0.0000
   1.6300   0.0000
   1.6400   0.0000
   1.6500   0.0000
   1.6600   0.0000
   1.6700   0.0000
   1.6800   0.0000
   1.6900   0.0000
   1.7000   0.0000
   1.7100   0.0000
   1.7200   0.0000
   1.7300   0.0000
   1.7400   0.0000
   1.7500   0.0000
   1.7600   0.0000
   1.7700   0.0000
   1.7800   0.0000
   1.7900   0.0000
   1.8000   0.0000
   1.8100   0.0000
   1.8200   0.0000
   1.8300   0.0000
   1.8400   0.0000
   1.8500   0.0000
   1.8600   0.0000
   1.8700   0.0000
   1.8800   0.0000
   1.8900   0.0000
   1.9000   0.0000
   1.9100   0.0000
   1.9200   0.0000
   1.9300   0.0000
   1.9400   0.0000
   1.9500   0.0000
   1.9600   0.0000
   1.9700   0.0000
   1.9800   0.0000
   1.9900   0.0000
   2.0000   0.0000
   2.0100   0.0000
   2.0200   0.0000
   2.0300   0.0000
   2.0400   0.0000
   2.0500   0.0000
   2.0600   0.0000
   2.0700   0.0000
   2.0800   0.0000
   2.0900   0.0000
   2.1000   0.0000
   2.1100   0.0000
   2.1200   0.0000
   2.1300   0.0000
   2.1400   0.0000
   2.1500   0.0000
   2.1600   0.0000
   2.1700   0.0000
   2.1800   0.0000
   2.1900   0.0000
   2.2000   0.0000
   2.2100   0.0000
   2.2200   0.0000
   2.2300   0.0000
   2.2400   0.0000
   2.2500   0.0000
   2.2600   0.0001
   2.2700   0.0001
   2.2800   0.0001
   2.2900   0.0001
   2.3000   0.0001
   2.3100   0.0001
   2.3200   0.0001
   2.3300   0.0001
   2.3400   0.0001
   2.3500   0.0001
   2.3600   0.0001
   2.3700   0.0001
   2.3800   0.0001
   2.3900   0.0001
   2.4000   0.0001
   2.4100   0.0001
   2.4200   0.0002
   2.4300   0.0002
   2.4400   0.0002
   2.4500   0.0002
   2.4600   0.0002
   2.4700   0.0002
   2.4800   0.0002
   2.4900   0.0002
   2.5000   0.0003
   2.5100   0.0003
   2.5200   0.0003
   2.5300   0.0003
   2.5400   0.0003
   2.5500   0.0003
   2.5600   0.0004
   2.5700   0.0004
   2.5800   0.0004
   2.5900   0.0004
   2.6000   0.0005
   2.6100   0.0005
   2.6200   0.0005
   2.6300   0.0006
   2.6400   0.0006
   2.6500   0.0006
   2.6600   0.0007
   2.6700   0.0007
   2.6800   0.0008
   2.6900   0.0008
   2.7000   0.0008
   2.7100   0.0009
   2.7200   0.0010
   2.7300   0.0010
   2.7400   0.0011
   2.7500   0.0011
   2.7600   0.0012
   2.7700   0.0013
   2.7800   0.0013
   2.7900   0.0014
   2.8000   0.0015
   2.8100   0.0016
   2.8200   0.0017
   2.8300   0.0018
   2.8400   0.0019
   2.8500   0.0020
   2.8600   0.0021
   2.8700   0.0022
   2.8800   0.0023
   2.8900   0.0024
   2.9000   0.0025
   2.9100   0.0027
   2.9200   0.0028
   2.9300   0.0030
   2.9400   0.0031
   2.9500   0.0033
   2.9600   0.0035
   2.9700   0.0037
   2.9800   0.0038
   2.9900   0.0040
   3.0000   0.0043
   3.0100   0.0045
   3.0200   0.0047
   3.0300   0.0049
   3.0400   0.0052
   3.0500   0.0054
   3.0600   0.0057
   3.0700   0.0060
   3.0800   0.0063
   3.0900   0.0066
   3.1000   0.0069
   3.1100   0.0073
   3.1200   0.0076
   3.1300   0.0080
   3.1400   0.0084
   3.1500   0.0088
   3.1600   0.0092
   3.1700   0.0096
   3.1800   0.0100
   3.1900   0.0105
   3.2000   0.0110
   3.2100   0.0115
   3.2200   0.0120
   3.2300   0.0126
   3.2400   0.0131
   3.2500   0.0137
   3.2600   0.0143
   3.2700   0.0150
   3.2800   0.0156
   3.2900   0.0163
   3.3000   0.0170
   3.3100   0.0178
   3.3200   0.0185
   3.3300   0.0193
   3.3400   0.0201
   3.3500   0.0210
   3.3600   0.0219
   3.3700   0.0228
   3.3800   0.0237
   3.3900   0.0247
   3.4000   0.0257
   3.4100   0.0268
   3.4200   0.0278
   3.4300   0.0290
   3.4400   0.0301
   3.4500   0.0313
   3.4600   0.0325
   3.4700   0.0338
   3.4800   0.0351
   3.4900   0.0365
   3.5000   0.0379
   3.5100   0.0393
   3.5200   0.0408
   3.5300   0.0423
   3.5400   0.0439
   3.5500   0.0456
   3.5600   0.0472
   3.5700   0.0490
   3.5800   0.0507
   3.5900   0.0526
   3.6000   0.0544
   3.6100   0.0564
   3.6200   0.0583
   3.6300   0.0604
   3.6400   0.0625
   3.6500   0.0646
   3.6600   0.0668
   3.6700   0.0691
   3.6800   0.0714
   3.6900   0.0738
   3.7000   0.0763
   3.7100   0.0788
   3.7200   0.0814
   3.7300   0.0840
   3.7400   0.0867
   3.7500   0.0895
   3.7600   0.0923
   3.7700   0.0952
   3.7800   0.0981
   3.7900   0.1012
   3.8000   0.1043
   3.8100   0.1074
   3.8200   0.1107
   3.8300   0.1140
   3.8400   0.1173
   3.8500   0.1208
   3.8600   0.1243
   3.8700   0.1278
   3.8800   0.1315
   3.8900   0.1352
   3.9000   0.1390
   3.9100   0.1428
   3.9200   0.1468
   3.9300   0.1508
   3.9400   0.1548
   3.9500   0.1590
   3.9600   0.1632
   3.9700   0.1675
   3.9800   0.1718
   3.9900   0.1762
   4.0000   0.1807
   4.0100   0.1853
   4.0200   0.1899
   4.0300   0.1946
   4.0400   0.1993
   4.0500   0.2041
   4.0600   0.2090
   4.0700   0.2140
   4.0800   0.2190
   4.0900   0.2240
   4.1000   0.2292
   4.1100   0.2343
   4.1200   0.2396
   4.1300   0.2449
   4.1400   0.2502
   4.1500   0.2556
   4.1600   0.2611
   4.1700   0.2666
   4.1800   0.2722
   4.1900   0.2778
   4.2000   0.2834
   4.2100   0.2891
   4.2200   0.2948
   4.2300   0.3006
   4.2400   0.3064
   4.2500   0.3123
   4.2600   0.3181
   4.2700   0.3240
   4.2800   0.3299
   4.2900   0.3359
   4.3000   0.3419
   4.3100   0.3479
   4.3200   0.3539
   4.3300   0.3599
   4.3400   0.3659
   4.3500   0.3720
   4.3600   0.3780
   4.3700   0.3841
   4.3800   0.3901
   4.3900   0.3962
   4.4000   0.4022
   4.4100   0.4082
   4.4200   0.4142
   4.4300   0.4202
   4.4400   0.4262
   4.4500   0.4322
   4.4600   0.4381
   4.4700   0.4440
   4.4800   0.4499
   4.4900   0.4557
   4.5000   0.4615
   4.5100   0.4672
   4.5200   0.4729
   4.5300   0.4786
   4.5400   0.4842
   4.5500   0.4897
   4.5600   0.4952
   4.5700   0.5006
   4.5800   0.5060
   4.5900   0.5112
   4.6000   0.5164
   4.6100   0.5216
   4.6200   0.5266
   4.6300   0.5316
   4.6400   0.5364
   4.6500   0.5412
   4.6600   0.5459
   4.6700   0.5505
   4.6800   0.5550
   4.6900   0.5594
   4.7000   0.5637
   4.7100   0.5678
   4.7200   0.5719
   4.7300   0.5759
   4.7400   0.5797
   4.7500   0.5834
   4.7600   0.5870
   4.7700   0.5904
   4.7800   0.5938
   4.7900   0.5970
   4.8000   0.6000
   4.8100   0.6030
   4.8200   0.6058
   4.8300   0.6084
   4.8400   0.6109
   4.8500   0.6133
   4.8600   0.6155
   4.8700   0.6176
   4.8800   0.6195
   4.8900   0.6213
   4.9000   0.6230
   4.9100   0.6244
   4.9200   0.6258
   4.9300   0.6269
   4.9400   0.6280
   4.9500   0.6288
   4.9600   0.6295
   4.9700   0.6301
   4.9800   0.6305
   4.9900   0.6307
   5.0000   0.6308
   5.0100   0.6307
   5.0200   0.6305
   5.0300   0.6301
   5.0400   0.6295
   5.0500   0.6288
   5.0600   0.6280
   5.0700   0.6269
   5.0800   0.6258
   5.0900   0.6244
   5.1000   0.6230
   5.1100   0.6213
   5.1200   0.6195
   5.1300   0.6176
   5.1400   0.6155
   5.1500   0.6133
   5.1600   0.6109
   5.1700   0.6084
   5.1800   0.6058
   5.1900   0.6030
   5.2000   0.6000
   5.2100   0.5970
   5.2200   0.5938
   5.2300   0.5904
   5.2400   0.5870
   5.2500   0.5834
   5.2600   0.5797
   5.2700   0.5759
   5.2800   0.5719
   5.2900   0.5678
   5.3000   0.5637
   5.3100   0.5594
   5.3200   0.5550
   5.3300   0.5505
   5.3400   0.5459
   5.3500   0.5412
   5.3600   0.5364
   5.3700   0.5316
   5.3800   0.5266
   5.3900   0.5216
   5.4000   0.5164
   5.4100   0.5112
   5.4200   0.5060
   5.4300   0.5006
   5.4400   0.4952
   5.4500   0.4897
   5.4600   0.4842
   5.4700   0.4786
   5.4800   0.4729
   5.4900   0.4672
   5.5000   0.4615
   5.5100   0.4557
   5.5200   0.4499
   5.5300   0.4440
   5.5400   0.4381
   5.5500   0.4322
   5.5600   0.4262
   5.5700   0.4202
   5.5800   0.4142
   5.5900   0.4082
   5.6000   0.4022
   5.6100   0.3962
   5.6200   0.3901
   5.6300   0.3841
   5.6400   0.3780
   5.6500   0.3720
   5.6600   0.3659
   5.6700   0.3599
   5.6800   0.3539
   5.6900   0.3479
   5.7000   0.3419
   5.7100   0.3359
   5.7200   0.3299
   5.7300   0.3240
   5.7400   0.3181
   5.7500   0.3123
   5.7600   0.3064
   5.7700   0.3006
   5.7800   0.2948
   5.7900   0.2891
   5.8000   0.2834
   5.8100   0.2778
   5.8200   0.2722
   5.8300   0.2666
   5.8400   0.2611
   5.8500   0.2556
   5.8600   0.2502
   5.8700   0.2449
   5.8800   0.2396
   5.8900   0.2343
   5.9000   0.2292
   5.9100   0.2240
   5.9200   0.2190
   5.9300   0.2140
   5.9400   0.2090
   5.9500   0.2041
   5.9600   0.1993
   5.9700   0.1946
   5.9800   0.1899
   5.9900   0.1853
   6.0000   0.1807
   6.0100   0.1762
   6.0200   0.1718
   6.0300   0.1675
   6.0400   0.1632
   6.0500   0.1590
   6.0600   0.1548
   6.0700   0.1508
   6.0800   0.1468
   6.0900   0.1428
   6.1000   0.1390
   6.1100   0.1352
   6.1200   0.1315
   6.1300   0.1278
   6.1400   0.1243
   6.1500   0.1208
   6.1600   0.1173
   6.1700   0.1140
   6.1800   0.1107
   6.1900   0.1074
   6.2000   0.1043
   6.2100   0.1012
   6.2200   0.0981
   6.2300   0.0952
   6.2400   0.0923
   6.2500   0.0895
   6.2600   0.0867
   6.2700   0.0840
   6.2800   0.0814
   6.2900   0.0788
   6.3000   0.0763
   6.3100   0.0738
   6.3200   0.0714
   6.3300   0.0691
   6.3400   0.0668
   6.3500   0.0646
   6.3600   0.0625
   6.3700   0.0604
   6.3800   0.0583
   6.3900   0.0564
   6.4000   0.0544
   6.4100   0.0526
   6.4200   0.0507
   6.4300   0.0490
   6.4400   0.0472
   6.4500   0.0456
   6.4600   0.0439
   6.4700   0.0423
   6.4800   0.0408
   6.4900   0.0393
   6.5000   0.0379
   6.5100   0.0365
   6.5200   0.0351
   6.5300   0.0338
   6.5400   0.0325
   6.5500   0.0313
   6.5600   0.0301
   6.5700   0.0290
   6.5800   0.0278
   6.5900   0.0268
   6.6000   0.0257
   6.6100   0.0247
   6.6200   0.0237
   6.6300   0.0228
   6.6400   0.0219
   6.6500   0.0210
   6.6600   0.0201
   6.6700   0.0193
   6.6800   0.0185
   6.6900   0.0178
   6.7000   0.0170
   6.7100   0.0163
   6.7200   0.0156
   6.7300   0.0150
   6.7400   0.0143
   6.7500   0.0137
   6.7600   0.0131
   6.7700   0.0126
   6.7800   0.0120
   6.7900   0.0115
   6.8000   0.0110
   6.8100   0.0105
   6.8200   0.0100
   6.8300   0.0096
   6.8400   0.0092
   6.8500   0.0088
   6.8600   0.0084
   6.8700   0.0080
   6.8800   0.0076
   6.8900   0.0073
   6.9000   0.0069
   6.9100   0.0066
   6.9200   0.0063
   6.9300   0.0060
   6.9400   0.0057
   6.9500   0.0054
   6.9600   0.0052
   6.9700   0.0049
   6.9800   0.0047
   6.9900   0.0045
   7.0000   0.0043
   7.0100   0.0040
   7.0200   0.0038
   7.0300   0.0037
   7.0400   0.0035
   7.0500   0.0033
   7.0600   0.0031
   7.0700   0.0030
   7.0800   0.0028
   7.0900   0.0027
   7.1000   0.0025
   7.1100   0.0024
   7.1200   0.0023
   7.1300   0.0022
   7.1400   0.0021
   7.1500   0.0020
   7.1600   0.0019
   7.1700   0.0018
   7.1800   0.0017
   7.1900   0.0016
   7.2000   0.0015
   7.2100   0.0014
   7.2200   0.0013
   7.2300   0.0013
   7.2400   0.0012
   7.2500   0.0011
   7.2600   0.0011
   7.2700   0.0010
   7.2800   0.0010
   7.2900   0.0009
   7.3000   0.0008
   7.3100   0.0008
   7.3200   0.0008
   7.3300   0.0007
   7.3400   0.0007
   7.3500   0.0006
   7.3600   0.0006
   7.3700   0.0006
   7.3800   0.0005
   7.3900   0.0005
   7.4000   0.0005
   7.4100   0.0004
   7.4200   0.0004
   7.4300   0.0004
   7.4400   0.0004
   7.4500   0.0003
   7.4600   0.0003
   7.4700   0.0003
   7.4800   0.0003
   7.4900   0.0003
   7.5000   0.0003
   7.5100   0.0002
   7.5200   0.0002
   7.5300   0.0002
   7.5400   0.0002
   7.5500   0.0002
   7.5600   0.0002
   7.5700   0.0002
   7.5800   0.0002
   7.5900   0.0001
   7.6000   0.0001
   7.6100   0.0001
   7.6200   0.0001
   7.6300   0.0001
   7.6400   0.0001
   7.6500   0.0001
   7.6600   0.0001
   7.6700   0.0001
   7.6800   0.0001
   7.6900   0.0001
   7.7000   0.0001
   7.7100   0.0001
   7.7200   0.0001
   7.7300   0.0001
   7.7400   0.0001
   7.7500   0.0000
   7.7600   0.0000
   7.7700   0.0000
   7.7800   0.0000
   7.7900   0.0000
   7.8000   0.0000
   7.8100   0.0000
   7.8200   0.0000
   7.8300   0.0000
   7.8400   0.0000
   7.8500   0.0000
   7.8600   0.0000
   7.8700   0.0000
   7.8800   0.0000
   7.8900   0.0000
   7.9000   0.0000
   7.9100   0.0000
   7.9200   0.0000
   7.9300   0.0000
   7.9400   0.0000
   7.9500   0.0000
   7.9600   0.0000
   7.9700   0.0000
   7.9800   0.0000
   7.9900   0.0000
   8.0000   0.0000
   8.0100   0.0000
   8.0200   0.0000
   8.0300   0.0000
   8.0400   0.0000
   8.0500   0.0000
   8.0600   0.0000
   8.0700   0.0000
   8.0800   0.0000
   8.0900   0.0000
   8.1000   0.0000
   8.1100   0.0000
   8.1200   0.0000
   8.1300   0.0000
   8.1400   0.0000
   8.1500   0.0000
   8.1600   0.0000
   8.1700   0.0000
   8.1800   0.0000
   8.1900   0.0000
   8.2000   0.0000
   8.2100   0.0000
   8.2200   0.0000
   8.2300   0.0000
   8.2400   0.0000
   8.2500   0.0000
   8.2600   0.0000
   8.2700   0.0000
   8.2800   0.0000
   8.2900   0.0000
   8.3000   0.0000
   8.3100   0.0000
   8.3200   0.0000
   8.3300   0.0000
   8.3400   0.0000
   8.3500   0.0000
   8.3600   0.0000
   8.3700   0.0000
   8.3800   0.0000
   8.3900   0.0000
   8.4000   0.0000
   8.4100   0.0000
   8.4200   0.0000
   8.4300   0.0000
   8.4400   0.0000
   8.4500   0.0000
   8.4600   0.0000
   8.4700   0.0000
   8.4800   0.0000
   8.4900   0.0000
   8.5000   0.0000
   8.5100   0.0000
   8.5200   0.0000
   8.5300   0.0000
   8.5400   0.0000
   8.5500   0.0000
   8.5600   0.0000
   8.5700   0.0000
   8.5800   0.0000
   8.5900   0.0000
   8.6000   0.0000
   8.6100   0.0000
   8.6200   0.0000
   8.6300   0.0000
   8.6400   0.0000
   8.6500   0.0000
   8.6600   0.0000
   8.6700   0.0000
   8.6800   0.0000
   8.6900   0.0000
   8.7000   0.0000
   8.7100   0.0000
   8.7200   0.0000
   8.7300   0.0000
   8.7400   0.0000
   8.7500   0.0000
   8.7600   0.0000
   8.7700   0.0000
   8.7800   0.0000
   8.7900   0.0000
   8.8000   0.0000
   8.8100   0.0000
   8.8200   0.0000
   8.8300   0.0000
   8.8400   0.0000
   8.8500   0.0000
   8.8600   0.0000
   8.8700   0.0000
   8.8800   0.0000
   8.8900   0.0000
   8.9000   0.0000
   8.9100   0.0000
   8.9200   0.0000
   8.9300   0.0000
   8.9400   0.0000
   8.9500   0.0000
   8.9600   0.0000
   8.9700   0.0000
   8.9800   0.0000
   8.9900   0.0000
   9.0000   0.0000
   9.0100   0.0000
   9.0200   0.0000
   9.0300   0.0000
   9.0400   0.0000
   9.0500   0.0000
   9.0600   0.0000
   9.0700   0.0000
   9.0800   0.0000
   9.0900   0.0000
   9.1000   0.0000
   9.1100   0.0000
   9.1200   0.0000
   9.1300   0.0000
   9.1400   0.0000
   9.1500   0.0000
   9.1600   0.0000
   9.1700   0.0000
   9.1800   0.0000
   9.1900   0.0000
   9.2000   0.0000
   9.2100   0.0000
   9.2200   0.0000
   9.2300   0.0000
   9.2400   0.0000
   9.2500   0.0000
   9.2600   0.0000
   9.2700   0.0000
   9.2800   0.0000
   9.2900   0.0000
   9.3000   0.0000
   9.3100   0.0000
   9.3200   0.0000
   9.3300   0.0000
   9.3400   0.0000
   9.3500   0.0000
   9.3600   0.0000
   9.3700   0.0000
   9.3800   0.0000
   9.3900   0.0000
   9.4000   0.0000
   9.4100   0.0000
   9.4200   0.0000
   9.4300   0.0000
   9.4400   0.0000
   9.4500   0.0000
   9.4600   0.0000
   9.4700   0.0000
   9.4800   0.0000
   9.4900   0.0000
   9.5000   0.0000
   9.5100   0.0000
   9.5200   0.0000
   9.5300   0.0000
   9.5400   0.0000
   9.5500   0.0000
   9.5600   0.0000
   9.5700   0.0000
   9.5800   0.0000
   9.5900   0.0000
   9.6000   0.0000
   9.6100   0.0000
   9.6200   0.0000
   9.6300   0.0000
   9.6400   0.0000
   9.6500   0.0000
   9.6600   0.0000
   9.6700   0.0000
   9.6800   0.0000
   9.6900   0.0000
   9.7000   0.0000
   9.7100   0.0000
   9.7200   0.0000
   9.7300   0.0000
   9.7400   0.0000
   9.7500   0.0000
   9.7600   0.0000
   9.7700   0.0000
   9.7800   0.0000
   9.7900   0.0000
   9.8000   0.0000
   9.8100   0.0000
   9.8200   0.0000
   9.8300   0.0000
   9.8400   0.0000
   9.8500   0.0000
   9.8600   0.0000
   9.8700   0.0000
   9.8800   0.0000
   9.8900   0.0000
   9.9000   0.0000
   9.9100   0.0000
   9.9200   0.0000
   9.9300   0.0000
   9.9400   0.0000
   9.9500   0.0000
   9.9600   0.0000
   9.9700   0.0000
   9.9800   0.0000
   9.9900   0.0000