
   0.0000    0.0000    0.0000
   0.1000    0.0000    0.0000
   0.2000    0.0000    0.0000
   0.3000    0.0000    0.0000
   0.4000    0.0000    0.0000
   0.5000    0.0000    0.0000
   0.6000    0.0000    0.0000
   0.7000    0.0000    0.0000
   0.8000    0.0000    0.0000
   0.9000    0.0000    0.0000
   1.0000    0.0000    0.0000
   1.1000    0.0000    0.0000
   1.2000    0.0000    0.0000
   1.3000    0.0000    0.0000
   1.4000    0.0000    0.0000
   1.5000    0.0000    0.0000
   1.6000    0.0000    0.0000
   1.7000    0.0000    0.0000
   1.8000    0.0000    0.0000
   1.9000    0.0000    0.0000
   2.0000    0.0000    0.0000
   2.1000    0.0000    0.0000
   2.2000    0.0000    0.0000
   2.3000    0.0000    0.0000
   2.4000    0.0000    0.0000
   2.5000    0.0000    0.0000
   2.6000    0.0000    0.0000
   2.7000    0.0000    0.0000
   2.8000    0.0000    0.0000
   2.9000    0.0000    0.0000
   3.0000    0.0000    0.0000

   0.0000    0.1000    0.0000
   0.1000    0.1000    0.0044
   0.2000    0.1000    0.0086
   0.3000    0.1000    0.0127
   0.4000    0.1000    0.0164
   0.5000    0.1000    0.0197
   0.6000    0.1000    0.0226
   0.7000    0.1000    0.0251
   0.8000    0.1000    0.0272
   0.9000    0.1000    0.0289
   1.0000    0.1000    0.0302
   1.1000    0.1000    0.0312
   1.2000    0.1000    0.0319
   1.3000    0.1000    0.0324
   1.4000    0.1000    0.0327
   1.5000    0.1000    0.0328
   1.6000    0.1000    0.0327
   1.7000    0.1000    0.0324
   1.8000    0.1000    0.0319
   1.9000    0.1000    0.0312
   2.0000    0.1000    0.0302
   2.1000    0.1000    0.0289
   2.2000    0.1000    0.0272
   2.3000    0.1000    0.0251
   2.4000    0.1000    0.0226
   2.5000    0.1000    0.0197
   2.6000    0.1000    0.0164
   2.7000    0.1000    0.0127
   2.8000    0.1000    0.0086
   2.9000    0.1000    0.0044
   3.0000    0.1000    0.0000

   0.0000    0.2000    0.0000
   0.1000    0.2000    0.0094
   0.2000    0.2000    0.0185
   0.3000    0.2000    0.0272
   0.4000    0.2000    0.0352
   0.5000    0.2000    0.0423
   0.6000    0.2000    0.0486
   0.7000    0.2000    0.0539
   0.8000    0.2000    0.0583
   0.9000    0.2000    0.0619
   1.0000    0.2000    0.0647
   1.1000    0.2000    0.0668
   1.2000    0.2000    0.0683
   1.3000    0.2000    0.0694
   1.4000    0.2000    0.0699
   1.5000    0.2000    0.0701
   1.6000    0.2000    0.0699
   1.7000    0.2000    0.0694
   1.8000    0.2000    0.0683
   1.9000    0.2000    0.0668
   2.0000    0.2000    0.0647
   2.1000    0.2000    0.0619
   2.2000    0.2000    0.0583
   2.3000    0.2000    0.0539
   2.4000    0.2000    0.0486
   2.5000    0.2000    0.0423
   2.6000    0.2000    0.0352
   2.7000    0.2000    0.0272
   2.8000    0.2000    0.0185
   2.9000    0.2000    0.0094
   3.0000    0.2000    0.0000

   0.0000    0.3000    0.0000
   0.1000    0.3000    0.0158
   0.2000    0.3000    0.0311
   0.3000    0.3000    0.0456
   0.4000    0.3000    0.0590
   0.5000    0.3000    0.0709
   0.6000    0.3000    0.0813
   0.7000    0.3000    0.0901
   0.8000    0.3000    0.0975
   0.9000    0.3000    0.1034
   1.0000    0.3000    0.1080
   1.1000    0.3000    0.1115
   1.2000    0.3000    0.1140
   1.3000    0.3000    0.1157
   1.4000    0.3000    0.1167
   1.5000    0.3000    0.1170
   1.6000    0.3000    0.1167
   1.7000    0.3000    0.1157
   1.8000    0.3000    0.1140
   1.9000    0.3000    0.1115
   2.0000    0.3000    0.1080
   2.1000    0.3000    0.1034
   2.2000    0.3000    0.0975
   2.3000    0.3000    0.0901
   2.4000    0.3000    0.0813
   2.5000    0.3000    0.0709
   2.6000    0.3000    0.0590
   2.7000    0.3000    0.0456
   2.8000    0.3000    0.0311
   2.9000    0.3000    0.0158
   3.0000    0.3000    0.0000

   0.0000    0.4000    0.0000
   0.1000    0.4000    0.0243
   0.2000    0.4000    0.0479
   0.3000    0.4000    0.0702
   0.4000    0.4000    0.0906
   0.5000    0.4000    0.1089
   0.6000    0.4000    0.1248
   0.7000    0.4000    0.1382
   0.8000    0.4000    0.1493
   0.9000    0.4000    0.1582
   1.0000    0.4000    0.1651
   1.1000    0.4000    0.1704
   1.2000    0.4000    0.1741
   1.3000    0.4000    0.1767
   1.4000    0.4000    0.1781
   1.5000    0.4000    0.1786
   1.6000    0.4000    0.1781
   1.7000    0.4000    0.1767
   1.8000    0.4000    0.1741
   1.9000    0.4000    0.1704
   2.0000    0.4000    0.1651
   2.1000    0.4000    0.1582
   2.2000    0.4000    0.1493
   2.3000    0.4000    0.1382
   2.4000    0.4000    0.1248
   2.5000    0.4000    0.1089
   2.6000    0.4000    0.0906
   2.7000    0.4000    0.0702
   2.8000    0.4000    0.0479
   2.9000    0.4000    0.0243
   3.0000    0.4000    0.0000

   0.0000    0.5000    0.0000
   0.1000    0.5000    0.0359
   0.2000    0.5000    0.0707
   0.3000    0.5000    0.1036
   0.4000    0.5000    0.1336
   0.5000    0.5000    0.1603
   0.6000    0.5000    0.1835
   0.7000    0.5000    0.2030
   0.8000    0.5000    0.2190
   0.9000    0.5000    0.2318
   1.0000    0.5000    0.2418
   1.1000    0.5000    0.2492
   1.2000    0.5000    0.2546
   1.3000    0.5000    0.2582
   1.4000    0.5000    0.2603
   1.5000    0.5000    0.2610
   1.6000    0.5000    0.2603
   1.7000    0.5000    0.2582
   1.8000    0.5000    0.2546
   1.9000    0.5000    0.2492
   2.0000    0.5000    0.2418
   2.1000    0.5000    0.2318
   2.2000    0.5000    0.2190
   2.3000    0.5000    0.2030
   2.4000    0.5000    0.1835
   2.5000    0.5000    0.1603
   2.6000    0.5000    0.1336
   2.7000    0.5000    0.1036
   2.8000    0.5000    0.0707
   2.9000    0.5000    0.0359
   3.0000    0.5000    0.0000

   0.0000    0.6000    0.0000
   0.1000    0.6000    0.0517
   0.2000    0.6000    0.1018
   0.3000    0.6000    0.1489
   0.4000    0.6000    0.1918
   0.5000    0.6000    0.2299
   0.6000    0.6000    0.2627
   0.7000    0.6000    0.2902
   0.8000    0.6000    0.3126
   0.9000    0.6000    0.3305
   1.0000    0.6000    0.3443
   1.1000    0.6000    0.3546
   1.2000    0.6000    0.3620
   1.3000    0.6000    0.3670
   1.4000    0.6000    0.3698
   1.5000    0.6000    0.3707
   1.6000    0.6000    0.3698
   1.7000    0.6000    0.3670
   1.8000    0.6000    0.3620
   1.9000    0.6000    0.3546
   2.0000    0.6000    0.3443
   2.1000    0.6000    0.3305
   2.2000    0.6000    0.3126
   2.3000    0.6000    0.2902
   2.4000    0.6000    0.2627
   2.5000    0.6000    0.2299
   2.6000    0.6000    0.1918
   2.7000    0.6000    0.1489
   2.8000    0.6000    0.1018
   2.9000    0.6000    0.0517
   3.0000    0.6000    0.0000

   0.0000    0.7000    0.0000
   0.1000    0.7000    0.0730
   0.2000    0.7000    0.1437
   0.3000    0.7000    0.2099
   0.4000    0.7000    0.2701
   0.5000    0.7000    0.3231
   0.6000    0.7000    0.3685
   0.7000    0.7000    0.4063
   0.8000    0.7000    0.4370
   0.9000    0.7000    0.4612
   1.0000    0.7000    0.4799
   1.1000    0.7000    0.4937
   1.2000    0.7000    0.5037
   1.3000    0.7000    0.5102
   1.4000    0.7000    0.5140
   1.5000    0.7000    0.5152
   1.6000    0.7000    0.5140
   1.7000    0.7000    0.5102
   1.8000    0.7000    0.5037
   1.9000    0.7000    0.4937
   2.0000    0.7000    0.4799
   2.1000    0.7000    0.4612
   2.2000    0.7000    0.4370
   2.3000    0.7000    0.4063
   2.4000    0.7000    0.3685
   2.5000    0.7000    0.3231
   2.6000    0.7000    0.2701
   2.7000    0.7000    0.2099
   2.8000    0.7000    0.1437
   2.9000    0.7000    0.0730
   3.0000    0.7000    0.0000

   0.0000    0.8000    0.0000
   0.1000    0.8000    0.1016
   0.2000    0.8000    0.1996
   0.3000    0.8000    0.2912
   0.4000    0.8000    0.3739
   0.5000    0.8000    0.4463
   0.6000    0.8000    0.5078
   0.7000    0.8000    0.5587
   0.8000    0.8000    0.5996
   0.9000    0.8000    0.6318
   1.0000    0.8000    0.6563
   1.1000    0.8000    0.6745
   1.2000    0.8000    0.6874
   1.3000    0.8000    0.6959
   1.4000    0.8000    0.7007
   1.5000    0.8000    0.7023
   1.6000    0.8000    0.7007
   1.7000    0.8000    0.6959
   1.8000    0.8000    0.6874
   1.9000    0.8000    0.6745
   2.0000    0.8000    0.6563
   2.1000    0.8000    0.6318
   2.2000    0.8000    0.5996
   2.3000    0.8000    0.5587
   2.4000    0.8000    0.5078
   2.5000    0.8000    0.4463
   2.6000    0.8000    0.3739
   2.7000    0.8000    0.2912
   2.8000    0.8000    0.1996
   2.9000    0.8000    0.1016
   3.0000    0.8000    0.0000

   0.0000    0.9000    0.0000
   0.1000    0.9000    0.1393
   0.2000    0.9000    0.2735
   0.3000    0.9000    0.3981
   0.4000    0.9000    0.5098
   0.5000    0.9000    0.6068
   0.6000    0.9000    0.6886
   0.7000    0.9000    0.7555
   0.8000    0.9000    0.8090
   0.9000    0.9000    0.8506
   1.0000    0.9000    0.8821
   1.1000    0.9000    0.9052
   1.2000    0.9000    0.9215
   1.3000    0.9000    0.9323
   1.4000    0.9000    0.9384
   1.5000    0.9000    0.9403
   1.6000    0.9000    0.9384
   1.7000    0.9000    0.9323
   1.8000    0.9000    0.9215
   1.9000    0.9000    0.9052
   2.0000    0.9000    0.8821
   2.1000    0.9000    0.8506
   2.2000    0.9000    0.8090
   2.3000    0.9000    0.7555
   2.4000    0.9000    0.6886
   2.5000    0.9000    0.6068
   2.6000    0.9000    0.5098
   2.7000    0.9000    0.3981
   2.8000    0.9000    0.2735
   2.9000    0.9000    0.1393
   3.0000    0.9000    0.0000

   0.0000    1.0000    0.0000
   0.1000    1.0000    0.1889
   0.2000    1.0000    0.3701
   0.3000    1.0000    0.5372
   0.4000    1.0000    0.6857
   0.5000    1.0000    0.8133
   0.6000    1.0000    0.9196
   0.7000    1.0000    1.0058
   0.8000    1.0000    1.0738
   0.9000    1.0000    1.1262
   1.0000    1.0000    1.1655
   1.1000    1.0000    1.1942
   1.2000    1.0000    1.2143
   1.3000    1.0000    1.2275
   1.4000    1.0000    1.2349
   1.5000    1.0000    1.2373
   1.6000    1.0000    1.2349
   1.7000    1.0000    1.2275
   1.8000    1.0000    1.2143
   1.9000    1.0000    1.1942
   2.0000    1.0000    1.1655
   2.1000    1.0000    1.1262
   2.2000    1.0000    1.0738
   2.3000    1.0000    1.0058
   2.4000    1.0000    0.9196
   2.5000    1.0000    0.8133
   2.6000    1.0000    0.6857
   2.7000    1.0000    0.5372
   2.8000    1.0000    0.3701
   2.9000    1.0000    0.1889
   3.0000    1.0000    0.0000

   0.0000    1.1000    0.0000
   0.1000    1.1000    0.2534
   0.2000    1.1000    0.4954
   0.3000    1.1000    0.7165
   0.4000    1.1000    0.9107
   0.5000    1.1000    1.0753
   0.6000    1.1000    1.2107
   0.7000    1.1000    1.3188
   0.8000    1.1000    1.4031
   0.9000    1.1000    1.4673
   1.0000    1.1000    1.5150
   1.1000    1.1000    1.5494
   1.2000    1.1000    1.5734
   1.3000    1.1000    1.5890
   1.4000    1.1000    1.5978
   1.5000    1.1000    1.6006
   1.6000    1.1000    1.5978
   1.7000    1.1000    1.5890
   1.8000    1.1000    1.5734
   1.9000    1.1000    1.5494
   2.0000    1.1000    1.5150
   2.1000    1.1000    1.4673
   2.2000    1.1000    1.4031
   2.3000    1.1000    1.3188
   2.4000    1.1000    1.2107
   2.5000    1.1000    1.0753
   2.6000    1.1000    0.9107
   2.7000    1.1000    0.7165
   2.8000    1.1000    0.4954
   2.9000    1.1000    0.2534
   3.0000    1.1000    0.0000

   0.0000    1.2000    0.0000
   0.1000    1.2000    0.3375
   0.2000    1.2000    0.6574
   0.3000    1.2000    0.9462
   0.4000    1.2000    1.1958
   0.5000    1.2000    1.4039
   0.6000    1.2000    1.5719
   0.7000    1.2000    1.7041
   0.8000    1.2000    1.8055
   0.9000    1.2000    1.8818
   1.0000    1.2000    1.9377
   1.1000    1.2000    1.9778
   1.2000    1.2000    2.0053
   1.3000    1.2000    2.0232
   1.4000    1.2000    2.0332
   1.5000    1.2000    2.0364
   1.6000    1.2000    2.0332
   1.7000    1.2000    2.0232
   1.8000    1.2000    2.0053
   1.9000    1.2000    1.9778
   2.0000    1.2000    1.9377
   2.1000    1.2000    1.8818
   2.2000    1.2000    1.8055
   2.3000    1.2000    1.7041
   2.4000    1.2000    1.5719
   2.5000    1.2000    1.4039
   2.6000    1.2000    1.1958
   2.7000    1.2000    0.9462
   2.8000    1.2000    0.6574
   2.9000    1.2000    0.3375
   3.0000    1.2000    0.0000

   0.0000    1.3000    0.0000
   0.1000    1.3000    0.4474
   0.2000    1.3000    0.8673
   0.3000    1.3000    1.2396
   0.4000    1.3000    1.5547
   0.5000    1.3000    1.8114
   0.6000    1.3000    2.0144
   0.7000    1.3000    2.1709
   0.8000    1.3000    2.2890
   0.9000    1.3000    2.3762
   1.0000    1.3000    2.4395
   1.1000    1.3000    2.4842
   1.2000    1.3000    2.5149
   1.3000    1.3000    2.5345
   1.4000    1.3000    2.5455
   1.5000    1.3000    2.5489
   1.6000    1.3000    2.5455
   1.7000    1.3000    2.5345
   1.8000    1.3000    2.5149
   1.9000    1.3000    2.4842
   2.0000    1.3000    2.4395
   2.1000    1.3000    2.3762
   2.2000    1.3000    2.2890
   2.3000    1.3000    2.1709
   2.4000    1.3000    2.0144
   2.5000    1.3000    1.8114
   2.6000    1.3000    1.5547
   2.7000    1.3000    1.2396
   2.8000    1.3000    0.8673
   2.9000    1.3000    0.4474
   3.0000    1.3000    0.0000

   0.0000    1.4000    0.0000
   0.1000    1.4000    0.5936
   0.2000    1.4000    1.1417
   0.3000    1.4000    1.6154
   0.4000    1.4000    2.0045
   0.5000    1.4000    2.3125
   0.6000    1.4000    2.5494
   0.7000    1.4000    2.7278
   0.8000    1.4000    2.8596
   0.9000    1.4000    2.9554
   1.0000    1.4000    3.0238
   1.1000    1.4000    3.0717
   1.2000    1.4000    3.1040
   1.3000    1.4000    3.1247
   1.4000    1.4000    3.1362
   1.5000    1.4000    3.1398
   1.6000    1.4000    3.1362
   1.7000    1.4000    3.1247
   1.8000    1.4000    3.1040
   1.9000    1.4000    3.0717
   2.0000    1.4000    3.0238
   2.1000    1.4000    2.9554
   2.2000    1.4000    2.8596
   2.3000    1.4000    2.7278
   2.4000    1.4000    2.5494
   2.5000    1.4000    2.3125
   2.6000    1.4000    2.0045
   2.7000    1.4000    1.6154
   2.8000    1.4000    1.1417
   2.9000    1.4000    0.5936
   3.0000    1.4000    0.0000

   0.0000    1.5000    0.0000
   0.1000    1.5000    0.7936
   0.2000    1.5000    1.5071
   0.3000    1.5000    2.0999
   0.4000    1.5000    2.5673
   0.5000    1.5000    2.9231
   0.6000    1.5000    3.1878
   0.7000    1.5000    3.3814
   0.8000    1.5000    3.5213
   0.9000    1.5000    3.6210
   1.0000    1.5000    3.6911
   1.1000    1.5000    3.7395
   1.2000    1.5000    3.7720
   1.3000    1.5000    3.7926
   1.4000    1.5000    3.8039
   1.5000    1.5000    3.8075
   1.6000    1.5000    3.8039
   1.7000    1.5000    3.7926
   1.8000    1.5000    3.7720
   1.9000    1.5000    3.7395
   2.0000    1.5000    3.6911
   2.1000    1.5000    3.6210
   2.2000    1.5000    3.5213
   2.3000    1.5000    3.3814
   2.4000    1.5000    3.1878
   2.5000    1.5000    2.9231
   2.6000    1.5000    2.5673
   2.7000    1.5000    2.0999
   2.8000    1.5000    1.5071
   2.9000    1.5000    0.7936
   3.0000    1.5000    0.0000

   0.0000    1.6000    0.0000
   0.1000    1.6000    1.0814
   0.2000    1.6000    2.0083
   0.3000    1.6000    2.7327
   0.4000    1.6000    3.2710
   0.5000    1.6000    3.6607
   0.6000    1.6000    3.9387
   0.7000    1.6000    4.1357
   0.8000    1.6000    4.2742
   0.9000    1.6000    4.3710
   1.0000    1.6000    4.4380
   1.1000    1.6000    4.4837
   1.2000    1.6000    4.5140
   1.3000    1.6000    4.5332
   1.4000    1.6000    4.5436
   1.5000    1.6000    4.5470
   1.6000    1.6000    4.5436
   1.7000    1.6000    4.5332
   1.8000    1.6000    4.5140
   1.9000    1.6000    4.4837
   2.0000    1.6000    4.4380
   2.1000    1.6000    4.3710
   2.2000    1.6000    4.2742
   2.3000    1.6000    4.1357
   2.4000    1.6000    3.9387
   2.5000    1.6000    3.6607
   2.6000    1.6000    3.2710
   2.7000    1.6000    2.7327
   2.8000    1.6000    2.0083
   2.9000    1.6000    1.0814
   3.0000    1.6000    0.0000

   0.0000    1.7000    0.0000
   0.1000    1.7000    1.5304
   0.2000    1.7000    2.7256
   0.3000    1.7000    3.5712
   0.4000    1.7000    4.1492
   0.5000    1.7000    4.5410
   0.6000    1.7000    4.8073
   0.7000    1.7000    4.9890
   0.8000    1.7000    5.1135
   0.9000    1.7000    5.1987
   1.0000    1.7000    5.2568
   1.1000    1.7000    5.2959
   1.2000    1.7000    5.3218
   1.3000    1.7000    5.3379
   1.4000    1.7000    5.3467
   1.5000    1.7000    5.3495
   1.6000    1.7000    5.3467
   1.7000    1.7000    5.3379
   1.8000    1.7000    5.3218
   1.9000    1.7000    5.2959
   2.0000    1.7000    5.2568
   2.1000    1.7000    5.1987
   2.2000    1.7000    5.1135
   2.3000    1.7000    4.9890
   2.4000    1.7000    4.8073
   2.5000    1.7000    4.5410
   2.6000    1.7000    4.1492
   2.7000    1.7000    3.5712
   2.8000    1.7000    2.7256
   2.9000    1.7000    1.5304
   3.0000    1.7000    0.0000

   0.0000    1.8000    0.0000
   0.1000    1.8000    2.3199
   0.2000    1.8000    3.8032
   0.3000    1.8000    4.6934
   0.4000    1.8000    5.2341
   0.5000    1.8000    5.5721
   0.6000    1.8000    5.7896
   0.7000    1.8000    5.9325
   0.8000    1.8000    6.0279
   0.9000    1.8000    6.0920
   1.0000    1.8000    6.1352
   1.1000    1.8000    6.1640
   1.2000    1.8000    6.1828
   1.3000    1.8000    6.1946
   1.4000    1.8000    6.2010
   1.5000    1.8000    6.2030
   1.6000    1.8000    6.2010
   1.7000    1.8000    6.1946
   1.8000    1.8000    6.1828
   1.9000    1.8000    6.1640
   2.0000    1.8000    6.1352
   2.1000    1.8000    6.0920
   2.2000    1.8000    6.0279
   2.3000    1.8000    5.9325
   2.4000    1.8000    5.7896
   2.5000    1.8000    5.5721
   2.6000    1.8000    5.2341
   2.7000    1.8000    4.6934
   2.8000    1.8000    3.8032
   2.9000    1.8000    2.3199
   3.0000    1.8000    0.0000

   0.0000    1.9000    0.0000
   0.1000    1.9000    3.9498
   0.2000    1.9000    5.4814
   0.3000    1.9000    6.1763
   0.4000    1.9000    6.5361
   0.5000    1.9000    6.7415
   0.6000    1.9000    6.8668
   0.7000    1.9000    6.9465
   0.8000    1.9000    6.9987
   0.9000    1.9000    7.0333
   1.0000    1.9000    7.0564
   1.1000    1.9000    7.0717
   1.2000    1.9000    7.0817
   1.3000    1.9000    7.0878
   1.4000    1.9000    7.0912
   1.5000    1.9000    7.0923
   1.6000    1.9000    7.0912
   1.7000    1.9000    7.0878
   1.8000    1.9000    7.0817
   1.9000    1.9000    7.0717
   2.0000    1.9000    7.0564
   2.1000    1.9000    7.0333
   2.2000    1.9000    6.9987
   2.3000    1.9000    6.9465
   2.4000    1.9000    6.8668
   2.5000    1.9000    6.7415
   2.6000    1.9000    6.5361
   2.7000    1.9000    6.1763
   2.8000    1.9000    5.4814
   2.9000    1.9000    3.9498
   3.0000    1.9000    0.0000

   0.0000    2.0000    8.0000
   0.1000    2.0000    8.0000
   0.2000    2.0000    8.0000
   0.3000    2.0000    8.0000
   0.4000    2.0000    8.0000
   0.5000    2.0000    8.0000
   0.6000    2.0000    8.0000
   0.7000    2.0000    8.0000
   0.8000    2.0000    8.0000
   0.9000    2.0000    8.0000
   1.0000    2.0000    8.0000
   1.1000    2.0000    8.0000
   1.2000    2.0000    8.0000
   1.3000    2.0000    8.0000
   1.4000    2.0000    8.0000
   1.5000    2.0000    8.0000
   1.6000    2.0000    8.0000
   1.7000    2.0000    8.0000
   1.8000    2.0000    8.0000
   1.9000    2.0000    8.0000
   2.0000    2.0000    8.0000
   2.1000    2.0000    8.0000
   2.2000    2.0000    8.0000
   2.3000    2.0000    8.0000
   2.4000    2.0000    8.0000
   2.5000    2.0000    8.0000
   2.6000    2.0000    8.0000
   2.7000    2.0000    8.0000
   2.8000    2.0000    8.0000
   2.9000    2.0000    8.0000
   3.0000    2.0000    8.0000
