
31536.000000 26999999999999996105411580255856119250944.000000
63072.000000 26999999999999996105411580255856119250944.000000
94608.000000 27000000000000000941114858714372818075648.000000
126144.000000 27000000000000000941114858714372818075648.000000
157680.000000 27000000000000000941114858714372818075648.000000
189216.000000 27000000000000000941114858714372818075648.000000
220752.000000 27000000000000000941114858714372818075648.000000
252288.000000 26999999999999996105411580255856119250944.000000
283824.000000 26999999999999991269708301797339420426240.000000
315360.000000 26999999999999991269708301797339420426240.000000
346896.000000 26999999999999996105411580255856119250944.000000
378432.000000 26999999999999996105411580255856119250944.000000
409968.000000 26999999999999996105411580255856119250944.000000
441504.000000 27000000000000000941114858714372818075648.000000
473040.000000 26999999999999996105411580255856119250944.000000
504576.000000 26999999999999996105411580255856119250944.000000
536112.000000 27000000000000000941114858714372818075648.000000
567648.000000 27000000000000000941114858714372818075648.000000
599184.000000 27000000000000000941114858714372818075648.000000
630720.000000 27000000000000000941114858714372818075648.000000
662256.000000 27000000000000000941114858714372818075648.000000
693792.000000 26999999999999996105411580255856119250944.000000
725328.000000 26999999999999996105411580255856119250944.000000
756864.000000 26999999999999996105411580255856119250944.000000
788400.000000 27000000000000000941114858714372818075648.000000
819936.000000 27000000000000000941114858714372818075648.000000
851472.000000 27000000000000000941114858714372818075648.000000
883008.000000 26999999999999996105411580255856119250944.000000
914544.000000 26999999999999991269708301797339420426240.000000
946080.000000 26999999999999991269708301797339420426240.000000
977616.000000 26999999999999991269708301797339420426240.000000
1009152.000000 26999999999999991269708301797339420426240.000000
1040688.000000 26999999999999991269708301797339420426240.000000
1072224.000000 26999999999999986434005023338822721601536.000000
1103760.000000 26999999999999986434005023338822721601536.000000
1135296.000000 26999999999999986434005023338822721601536.000000
1166832.000000 26999999999999986434005023338822721601536.000000
1198368.000000 26999999999999991269708301797339420426240.000000
1229904.000000 26999999999999991269708301797339420426240.000000
1261440.000000 26999999999999991269708301797339420426240.000000
1292976.000000 26999999999999991269708301797339420426240.000000
1324512.000000 27000000000000000941114858714372818075648.000000
1356048.000000 27000000000000000941114858714372818075648.000000
1387584.000000 26999999999999996105411580255856119250944.000000
1419120.000000 26999999999999991269708301797339420426240.000000
1450656.000000 26999999999999991269708301797339420426240.000000
1482192.000000 26999999999999991269708301797339420426240.000000
1513728.000000 26999999999999991269708301797339420426240.000000
1545264.000000 26999999999999991269708301797339420426240.000000
1576800.000000 26999999999999986434005023338822721601536.000000
1608336.000000 26999999999999991269708301797339420426240.000000
1639872.000000 26999999999999986434005023338822721601536.000000
1671408.000000 26999999999999991269708301797339420426240.000000
1702944.000000 26999999999999991269708301797339420426240.000000
1734480.000000 26999999999999991269708301797339420426240.000000
1766016.000000 26999999999999986434005023338822721601536.000000
1797552.000000 26999999999999991269708301797339420426240.000000
1829088.000000 26999999999999991269708301797339420426240.000000
1860624.000000 26999999999999991269708301797339420426240.000000
1892160.000000 26999999999999991269708301797339420426240.000000
1923696.000000 26999999999999991269708301797339420426240.000000
1955232.000000 26999999999999986434005023338822721601536.000000
1986768.000000 26999999999999991269708301797339420426240.000000
2018304.000000 26999999999999991269708301797339420426240.000000
2049840.000000 26999999999999991269708301797339420426240.000000
2081376.000000 26999999999999991269708301797339420426240.000000
2112912.000000 26999999999999986434005023338822721601536.000000
2144448.000000 26999999999999991269708301797339420426240.000000
2175984.000000 26999999999999991269708301797339420426240.000000
2207520.000000 26999999999999991269708301797339420426240.000000
2239056.000000 26999999999999991269708301797339420426240.000000
2270592.000000 26999999999999991269708301797339420426240.000000
2302128.000000 26999999999999991269708301797339420426240.000000
2333664.000000 26999999999999991269708301797339420426240.000000
2365200.000000 26999999999999991269708301797339420426240.000000
2396736.000000 26999999999999991269708301797339420426240.000000
2428272.000000 26999999999999991269708301797339420426240.000000
2459808.000000 26999999999999991269708301797339420426240.000000
2491344.000000 26999999999999991269708301797339420426240.000000
2522880.000000 27000000000000000941114858714372818075648.000000
2554416.000000 26999999999999991269708301797339420426240.000000
2585952.000000 27000000000000000941114858714372818075648.000000
2617488.000000 26999999999999996105411580255856119250944.000000
2649024.000000 26999999999999996105411580255856119250944.000000
2680560.000000 27000000000000000941114858714372818075648.000000
2712096.000000 27000000000000000941114858714372818075648.000000
2743632.000000 27000000000000000941114858714372818075648.000000
2775168.000000 27000000000000000941114858714372818075648.000000
2806704.000000 27000000000000000941114858714372818075648.000000
2838240.000000 27000000000000000941114858714372818075648.000000
2869776.000000 27000000000000000941114858714372818075648.000000
2901312.000000 27000000000000000941114858714372818075648.000000
2932848.000000 27000000000000000941114858714372818075648.000000
2964384.000000 27000000000000000941114858714372818075648.000000
2995920.000000 27000000000000000941114858714372818075648.000000
3027456.000000 27000000000000000941114858714372818075648.000000
3058992.000000 27000000000000005776818137172889516900352.000000
3090528.000000 27000000000000005776818137172889516900352.000000
3122064.000000 27000000000000000941114858714372818075648.000000
3153600.000000 27000000000000000941114858714372818075648.000000
3185136.000000 27000000000000000941114858714372818075648.000000
3216672.000000 27000000000000000941114858714372818075648.000000
3248208.000000 27000000000000000941114858714372818075648.000000
3279744.000000 27000000000000000941114858714372818075648.000000
3311280.000000 27000000000000000941114858714372818075648.000000
3342816.000000 27000000000000000941114858714372818075648.000000
3374352.000000 27000000000000005776818137172889516900352.000000
3405888.000000 27000000000000000941114858714372818075648.000000
3437424.000000 27000000000000000941114858714372818075648.000000
3468960.000000 27000000000000000941114858714372818075648.000000
3500496.000000 27000000000000000941114858714372818075648.000000
3532032.000000 27000000000000000941114858714372818075648.000000
3563568.000000 27000000000000000941114858714372818075648.000000
3595104.000000 27000000000000000941114858714372818075648.000000
3626640.000000 27000000000000000941114858714372818075648.000000
3658176.000000 27000000000000000941114858714372818075648.000000
3689712.000000 27000000000000000941114858714372818075648.000000
3721248.000000 27000000000000000941114858714372818075648.000000
3752784.000000 27000000000000000941114858714372818075648.000000
3784320.000000 27000000000000000941114858714372818075648.000000
3815856.000000 27000000000000000941114858714372818075648.000000
3847392.000000 26999999999999996105411580255856119250944.000000
3878928.000000 27000000000000000941114858714372818075648.000000
3910464.000000 26999999999999996105411580255856119250944.000000
3942000.000000 26999999999999991269708301797339420426240.000000
3973536.000000 26999999999999991269708301797339420426240.000000
4005072.000000 26999999999999996105411580255856119250944.000000
4036608.000000 26999999999999996105411580255856119250944.000000
4068144.000000 26999999999999996105411580255856119250944.000000
4099680.000000 26999999999999996105411580255856119250944.000000
4131216.000000 26999999999999991269708301797339420426240.000000
4162752.000000 26999999999999991269708301797339420426240.000000
4194288.000000 26999999999999991269708301797339420426240.000000
4225824.000000 26999999999999991269708301797339420426240.000000
4257360.000000 26999999999999991269708301797339420426240.000000
4288896.000000 26999999999999991269708301797339420426240.000000
4320432.000000 27000000000000000941114858714372818075648.000000
4351968.000000 27000000000000000941114858714372818075648.000000
4383504.000000 27000000000000000941114858714372818075648.000000
4415040.000000 27000000000000000941114858714372818075648.000000
4446576.000000 27000000000000000941114858714372818075648.000000
4478112.000000 26999999999999991269708301797339420426240.000000
4509648.000000 26999999999999991269708301797339420426240.000000
4541184.000000 26999999999999996105411580255856119250944.000000
4572720.000000 27000000000000000941114858714372818075648.000000
4604256.000000 26999999999999991269708301797339420426240.000000
4635792.000000 26999999999999991269708301797339420426240.000000
4667328.000000 26999999999999991269708301797339420426240.000000
4698864.000000 26999999999999996105411580255856119250944.000000
4730400.000000 26999999999999991269708301797339420426240.000000
4761936.000000 26999999999999991269708301797339420426240.000000
4793472.000000 26999999999999991269708301797339420426240.000000
4825008.000000 26999999999999991269708301797339420426240.000000
4856544.000000 26999999999999991269708301797339420426240.000000
4888080.000000 26999999999999991269708301797339420426240.000000
4919616.000000 26999999999999991269708301797339420426240.000000
4951152.000000 26999999999999991269708301797339420426240.000000
4982688.000000 26999999999999991269708301797339420426240.000000
5014224.000000 26999999999999991269708301797339420426240.000000
5045760.000000 26999999999999991269708301797339420426240.000000
5077296.000000 26999999999999991269708301797339420426240.000000
5108832.000000 26999999999999991269708301797339420426240.000000
5140368.000000 26999999999999991269708301797339420426240.000000
5171904.000000 26999999999999991269708301797339420426240.000000
5203440.000000 26999999999999991269708301797339420426240.000000
5234976.000000 26999999999999991269708301797339420426240.000000
5266512.000000 26999999999999991269708301797339420426240.000000
5298048.000000 26999999999999991269708301797339420426240.000000
5329584.000000 26999999999999996105411580255856119250944.000000
5361120.000000 26999999999999991269708301797339420426240.000000
5392656.000000 26999999999999996105411580255856119250944.000000
5424192.000000 27000000000000000941114858714372818075648.000000
5455728.000000 27000000000000000941114858714372818075648.000000
5487264.000000 27000000000000000941114858714372818075648.000000
5518800.000000 27000000000000000941114858714372818075648.000000
5550336.000000 27000000000000000941114858714372818075648.000000
5581872.000000 27000000000000000941114858714372818075648.000000
5613408.000000 27000000000000000941114858714372818075648.000000
5644944.000000 27000000000000000941114858714372818075648.000000
5676480.000000 27000000000000000941114858714372818075648.000000
5708016.000000 27000000000000000941114858714372818075648.000000
5739552.000000 27000000000000000941114858714372818075648.000000
5771088.000000 27000000000000000941114858714372818075648.000000
5802624.000000 27000000000000000941114858714372818075648.000000
5834160.000000 27000000000000000941114858714372818075648.000000
5865696.000000 27000000000000000941114858714372818075648.000000
5897232.000000 26999999999999996105411580255856119250944.000000
5928768.000000 27000000000000000941114858714372818075648.000000
5960304.000000 27000000000000000941114858714372818075648.000000
5991840.000000 27000000000000000941114858714372818075648.000000
6023376.000000 27000000000000005776818137172889516900352.000000
6054912.000000 27000000000000005776818137172889516900352.000000
6086448.000000 27000000000000010612521415631406215725056.000000
6117984.000000 27000000000000010612521415631406215725056.000000
6149520.000000 27000000000000010612521415631406215725056.000000
6181056.000000 27000000000000010612521415631406215725056.000000
6212592.000000 27000000000000010612521415631406215725056.000000
6244128.000000 27000000000000015448224694089922914549760.000000
6275664.000000 27000000000000015448224694089922914549760.000000
6307200.000000 27000000000000015448224694089922914549760.000000
6338736.000000 27000000000000015448224694089922914549760.000000
6370272.000000 27000000000000015448224694089922914549760.000000
6401808.000000 27000000000000015448224694089922914549760.000000
6433344.000000 27000000000000015448224694089922914549760.000000
6464880.000000 27000000000000015448224694089922914549760.000000
6496416.000000 27000000000000015448224694089922914549760.000000
6527952.000000 27000000000000015448224694089922914549760.000000
6559488.000000 27000000000000015448224694089922914549760.000000
6591024.000000 27000000000000010612521415631406215725056.000000
6622560.000000 27000000000000015448224694089922914549760.000000
6654096.000000 27000000000000010612521415631406215725056.000000
6685632.000000 27000000000000010612521415631406215725056.000000
6717168.000000 27000000000000010612521415631406215725056.000000
6748704.000000 27000000000000010612521415631406215725056.000000
6780240.000000 27000000000000010612521415631406215725056.000000
6811776.000000 27000000000000010612521415631406215725056.000000
6843312.000000 27000000000000010612521415631406215725056.000000
6874848.000000 27000000000000010612521415631406215725056.000000
6906384.000000 27000000000000010612521415631406215725056.000000
6937920.000000 27000000000000005776818137172889516900352.000000
6969456.000000 27000000000000010612521415631406215725056.000000
7000992.000000 27000000000000010612521415631406215725056.000000
7032528.000000 27000000000000005776818137172889516900352.000000
7064064.000000 27000000000000000941114858714372818075648.000000
7095600.000000 27000000000000005776818137172889516900352.000000
7127136.000000 27000000000000005776818137172889516900352.000000
7158672.000000 27000000000000000941114858714372818075648.000000
7190208.000000 27000000000000005776818137172889516900352.000000
7221744.000000 27000000000000000941114858714372818075648.000000
7253280.000000 27000000000000000941114858714372818075648.000000
7284816.000000 27000000000000000941114858714372818075648.000000
7316352.000000 27000000000000000941114858714372818075648.000000
7347888.000000 27000000000000000941114858714372818075648.000000
7379424.000000 27000000000000005776818137172889516900352.000000
7410960.000000 27000000000000000941114858714372818075648.000000
7442496.000000 27000000000000000941114858714372818075648.000000
7474032.000000 27000000000000005776818137172889516900352.000000
7505568.000000 27000000000000000941114858714372818075648.000000
7537104.000000 27000000000000000941114858714372818075648.000000
7568640.000000 26999999999999996105411580255856119250944.000000
7600176.000000 26999999999999991269708301797339420426240.000000
7631712.000000 27000000000000000941114858714372818075648.000000
7663248.000000 26999999999999996105411580255856119250944.000000
7694784.000000 26999999999999991269708301797339420426240.000000
7726320.000000 26999999999999991269708301797339420426240.000000
7757856.000000 26999999999999991269708301797339420426240.000000
7789392.000000 26999999999999996105411580255856119250944.000000
7820928.000000 26999999999999991269708301797339420426240.000000
7852464.000000 26999999999999996105411580255856119250944.000000
7884000.000000 26999999999999991269708301797339420426240.000000
7915536.000000 26999999999999996105411580255856119250944.000000
7947072.000000 27000000000000000941114858714372818075648.000000
7978608.000000 26999999999999991269708301797339420426240.000000
8010144.000000 26999999999999996105411580255856119250944.000000
8041680.000000 26999999999999991269708301797339420426240.000000
8073216.000000 26999999999999991269708301797339420426240.000000
8104752.000000 26999999999999991269708301797339420426240.000000
8136288.000000 26999999999999986434005023338822721601536.000000
8167824.000000 26999999999999986434005023338822721601536.000000
8199360.000000 26999999999999986434005023338822721601536.000000
8230896.000000 26999999999999991269708301797339420426240.000000
8262432.000000 26999999999999991269708301797339420426240.000000
8293968.000000 26999999999999991269708301797339420426240.000000
8325504.000000 26999999999999991269708301797339420426240.000000
8357040.000000 26999999999999991269708301797339420426240.000000
8388576.000000 26999999999999991269708301797339420426240.000000
8420112.000000 26999999999999996105411580255856119250944.000000
8451648.000000 26999999999999996105411580255856119250944.000000
8483184.000000 26999999999999996105411580255856119250944.000000
8514720.000000 26999999999999996105411580255856119250944.000000
8546256.000000 26999999999999996105411580255856119250944.000000
8577792.000000 26999999999999991269708301797339420426240.000000
8609328.000000 26999999999999991269708301797339420426240.000000
8640864.000000 26999999999999991269708301797339420426240.000000
8672400.000000 26999999999999996105411580255856119250944.000000
8703936.000000 27000000000000000941114858714372818075648.000000
8735472.000000 27000000000000000941114858714372818075648.000000
8767008.000000 27000000000000000941114858714372818075648.000000
8798544.000000 27000000000000000941114858714372818075648.000000
8830080.000000 27000000000000000941114858714372818075648.000000
8861616.000000 27000000000000000941114858714372818075648.000000
8893152.000000 27000000000000000941114858714372818075648.000000
8924688.000000 27000000000000000941114858714372818075648.000000
8956224.000000 27000000000000000941114858714372818075648.000000
8987760.000000 27000000000000000941114858714372818075648.000000
9019296.000000 27000000000000000941114858714372818075648.000000
9050832.000000 27000000000000000941114858714372818075648.000000
9082368.000000 26999999999999996105411580255856119250944.000000
9113904.000000 27000000000000000941114858714372818075648.000000
9145440.000000 26999999999999996105411580255856119250944.000000
9176976.000000 27000000000000000941114858714372818075648.000000
9208512.000000 27000000000000005776818137172889516900352.000000
9240048.000000 27000000000000000941114858714372818075648.000000
9271584.000000 27000000000000000941114858714372818075648.000000
9303120.000000 27000000000000000941114858714372818075648.000000
9334656.000000 27000000000000000941114858714372818075648.000000
9366192.000000 27000000000000000941114858714372818075648.000000
9397728.000000 27000000000000000941114858714372818075648.000000
9429264.000000 26999999999999996105411580255856119250944.000000
9460800.000000 27000000000000000941114858714372818075648.000000
9492336.000000 27000000000000000941114858714372818075648.000000
9523872.000000 27000000000000000941114858714372818075648.000000
9555408.000000 26999999999999991269708301797339420426240.000000
9586944.000000 26999999999999991269708301797339420426240.000000
9618480.000000 26999999999999991269708301797339420426240.000000
9650016.000000 26999999999999991269708301797339420426240.000000
9681552.000000 26999999999999991269708301797339420426240.000000
9713088.000000 26999999999999996105411580255856119250944.000000
9744624.000000 26999999999999991269708301797339420426240.000000
9776160.000000 26999999999999991269708301797339420426240.000000
9807696.000000 26999999999999996105411580255856119250944.000000
9839232.000000 26999999999999991269708301797339420426240.000000
9870768.000000 26999999999999991269708301797339420426240.000000
9902304.000000 26999999999999996105411580255856119250944.000000
9933840.000000 26999999999999996105411580255856119250944.000000
9965376.000000 27000000000000000941114858714372818075648.000000
9996912.000000 27000000000000000941114858714372818075648.000000
10028448.000000 27000000000000000941114858714372818075648.000000
10059984.000000 27000000000000000941114858714372818075648.000000
10091520.000000 27000000000000000941114858714372818075648.000000
10123056.000000 27000000000000000941114858714372818075648.000000
10154592.000000 27000000000000000941114858714372818075648.000000
10186128.000000 26999999999999996105411580255856119250944.000000
10217664.000000 26999999999999991269708301797339420426240.000000
10249200.000000 26999999999999996105411580255856119250944.000000
10280736.000000 27000000000000000941114858714372818075648.000000
10312272.000000 26999999999999996105411580255856119250944.000000
10343808.000000 26999999999999991269708301797339420426240.000000
10375344.000000 26999999999999991269708301797339420426240.000000
10406880.000000 26999999999999991269708301797339420426240.000000
10438416.000000 26999999999999991269708301797339420426240.000000
10469952.000000 26999999999999991269708301797339420426240.000000
10501488.000000 26999999999999996105411580255856119250944.000000
10533024.000000 27000000000000000941114858714372818075648.000000
10564560.000000 27000000000000000941114858714372818075648.000000
10596096.000000 27000000000000000941114858714372818075648.000000
10627632.000000 27000000000000000941114858714372818075648.000000
10659168.000000 26999999999999996105411580255856119250944.000000
10690704.000000 27000000000000000941114858714372818075648.000000
10722240.000000 27000000000000000941114858714372818075648.000000
10753776.000000 27000000000000000941114858714372818075648.000000
10785312.000000 27000000000000000941114858714372818075648.000000
10816848.000000 26999999999999996105411580255856119250944.000000
10848384.000000 26999999999999996105411580255856119250944.000000
10879920.000000 27000000000000000941114858714372818075648.000000
10911456.000000 27000000000000000941114858714372818075648.000000
10942992.000000 27000000000000000941114858714372818075648.000000
10974528.000000 27000000000000000941114858714372818075648.000000
11006064.000000 27000000000000000941114858714372818075648.000000
11037600.000000 27000000000000000941114858714372818075648.000000
11069136.000000 27000000000000000941114858714372818075648.000000
11100672.000000 27000000000000000941114858714372818075648.000000
11132208.000000 27000000000000000941114858714372818075648.000000
11163744.000000 27000000000000000941114858714372818075648.000000
11195280.000000 26999999999999991269708301797339420426240.000000
11226816.000000 26999999999999991269708301797339420426240.000000
11258352.000000 26999999999999991269708301797339420426240.000000
11289888.000000 26999999999999996105411580255856119250944.000000
11321424.000000 26999999999999991269708301797339420426240.000000
11352960.000000 26999999999999991269708301797339420426240.000000
11384496.000000 26999999999999996105411580255856119250944.000000
11416032.000000 26999999999999996105411580255856119250944.000000
11447568.000000 26999999999999991269708301797339420426240.000000
11479104.000000 26999999999999991269708301797339420426240.000000
11510640.000000 27000000000000000941114858714372818075648.000000
11542176.000000 26999999999999991269708301797339420426240.000000
11573712.000000 26999999999999996105411580255856119250944.000000
11605248.000000 26999999999999991269708301797339420426240.000000
11636784.000000 26999999999999996105411580255856119250944.000000
11668320.000000 26999999999999996105411580255856119250944.000000
11699856.000000 27000000000000000941114858714372818075648.000000
11731392.000000 27000000000000000941114858714372818075648.000000
11762928.000000 27000000000000005776818137172889516900352.000000
11794464.000000 27000000000000000941114858714372818075648.000000
11826000.000000 27000000000000005776818137172889516900352.000000
11857536.000000 27000000000000005776818137172889516900352.000000
11889072.000000 27000000000000005776818137172889516900352.000000
11920608.000000 27000000000000005776818137172889516900352.000000
11952144.000000 27000000000000005776818137172889516900352.000000
11983680.000000 27000000000000005776818137172889516900352.000000
12015216.000000 27000000000000005776818137172889516900352.000000
12046752.000000 27000000000000005776818137172889516900352.000000
12078288.000000 27000000000000000941114858714372818075648.000000
12109824.000000 27000000000000005776818137172889516900352.000000
12141360.000000 27000000000000000941114858714372818075648.000000
12172896.000000 27000000000000000941114858714372818075648.000000
12204432.000000 27000000000000000941114858714372818075648.000000
12235968.000000 27000000000000000941114858714372818075648.000000
12267504.000000 27000000000000000941114858714372818075648.000000
12299040.000000 27000000000000000941114858714372818075648.000000
12330576.000000 27000000000000000941114858714372818075648.000000
12362112.000000 27000000000000000941114858714372818075648.000000
12393648.000000 27000000000000000941114858714372818075648.000000
12425184.000000 27000000000000000941114858714372818075648.000000
12456720.000000 27000000000000000941114858714372818075648.000000
12488256.000000 27000000000000000941114858714372818075648.000000
12519792.000000 27000000000000000941114858714372818075648.000000
12551328.000000 27000000000000000941114858714372818075648.000000
12582864.000000 27000000000000000941114858714372818075648.000000
12614400.000000 27000000000000000941114858714372818075648.000000
12645936.000000 27000000000000000941114858714372818075648.000000
12677472.000000 27000000000000000941114858714372818075648.000000
12709008.000000 26999999999999996105411580255856119250944.000000
12740544.000000 26999999999999996105411580255856119250944.000000
12772080.000000 27000000000000000941114858714372818075648.000000
12803616.000000 27000000000000000941114858714372818075648.000000
12835152.000000 26999999999999996105411580255856119250944.000000
12866688.000000 27000000000000000941114858714372818075648.000000
12898224.000000 27000000000000000941114858714372818075648.000000
12929760.000000 26999999999999996105411580255856119250944.000000
12961296.000000 26999999999999996105411580255856119250944.000000
12992832.000000 26999999999999991269708301797339420426240.000000
13024368.000000 26999999999999991269708301797339420426240.000000
13055904.000000 26999999999999991269708301797339420426240.000000
13087440.000000 26999999999999991269708301797339420426240.000000
13118976.000000 26999999999999991269708301797339420426240.000000
13150512.000000 26999999999999991269708301797339420426240.000000
13182048.000000 26999999999999991269708301797339420426240.000000
13213584.000000 26999999999999991269708301797339420426240.000000
13245120.000000 26999999999999991269708301797339420426240.000000
13276656.000000 26999999999999991269708301797339420426240.000000
13308192.000000 26999999999999991269708301797339420426240.000000
13339728.000000 26999999999999991269708301797339420426240.000000
13371264.000000 26999999999999991269708301797339420426240.000000
13402800.000000 26999999999999991269708301797339420426240.000000
13434336.000000 26999999999999991269708301797339420426240.000000
13465872.000000 26999999999999991269708301797339420426240.000000
13497408.000000 26999999999999991269708301797339420426240.000000
13528944.000000 26999999999999991269708301797339420426240.000000
13560480.000000 26999999999999991269708301797339420426240.000000
13592016.000000 26999999999999991269708301797339420426240.000000
13623552.000000 26999999999999991269708301797339420426240.000000
13655088.000000 26999999999999991269708301797339420426240.000000
13686624.000000 26999999999999991269708301797339420426240.000000
13718160.000000 26999999999999986434005023338822721601536.000000
13749696.000000 26999999999999986434005023338822721601536.000000
13781232.000000 26999999999999991269708301797339420426240.000000
13812768.000000 26999999999999991269708301797339420426240.000000
13844304.000000 26999999999999991269708301797339420426240.000000
13875840.000000 26999999999999991269708301797339420426240.000000
13907376.000000 27000000000000000941114858714372818075648.000000
13938912.000000 27000000000000000941114858714372818075648.000000
13970448.000000 27000000000000000941114858714372818075648.000000
14001984.000000 26999999999999996105411580255856119250944.000000
14033520.000000 26999999999999996105411580255856119250944.000000
14065056.000000 27000000000000000941114858714372818075648.000000
14096592.000000 27000000000000000941114858714372818075648.000000
14128128.000000 27000000000000000941114858714372818075648.000000
14159664.000000 26999999999999996105411580255856119250944.000000
14191200.000000 26999999999999991269708301797339420426240.000000
14222736.000000 26999999999999991269708301797339420426240.000000
14254272.000000 26999999999999991269708301797339420426240.000000
14285808.000000 26999999999999991269708301797339420426240.000000
14317344.000000 26999999999999991269708301797339420426240.000000
14348880.000000 26999999999999996105411580255856119250944.000000
14380416.000000 26999999999999996105411580255856119250944.000000
14411952.000000 27000000000000000941114858714372818075648.000000
14443488.000000 26999999999999996105411580255856119250944.000000
14475024.000000 26999999999999996105411580255856119250944.000000
14506560.000000 26999999999999991269708301797339420426240.000000
14538096.000000 26999999999999991269708301797339420426240.000000
14569632.000000 26999999999999986434005023338822721601536.000000
14601168.000000 26999999999999991269708301797339420426240.000000
14632704.000000 26999999999999991269708301797339420426240.000000
14664240.000000 26999999999999991269708301797339420426240.000000
14695776.000000 26999999999999991269708301797339420426240.000000
14727312.000000 26999999999999986434005023338822721601536.000000
14758848.000000 26999999999999986434005023338822721601536.000000
14790384.000000 26999999999999991269708301797339420426240.000000
14821920.000000 26999999999999991269708301797339420426240.000000
14853456.000000 26999999999999991269708301797339420426240.000000
14884992.000000 26999999999999991269708301797339420426240.000000
14916528.000000 26999999999999991269708301797339420426240.000000
14948064.000000 26999999999999986434005023338822721601536.000000
14979600.000000 26999999999999991269708301797339420426240.000000
15011136.000000 26999999999999991269708301797339420426240.000000
15042672.000000 26999999999999996105411580255856119250944.000000
15074208.000000 26999999999999991269708301797339420426240.000000
15105744.000000 26999999999999991269708301797339420426240.000000
15137280.000000 26999999999999991269708301797339420426240.000000
15168816.000000 26999999999999996105411580255856119250944.000000
15200352.000000 26999999999999991269708301797339420426240.000000
15231888.000000 26999999999999991269708301797339420426240.000000
15263424.000000 26999999999999991269708301797339420426240.000000
15294960.000000 26999999999999991269708301797339420426240.000000
15326496.000000 26999999999999991269708301797339420426240.000000
15358032.000000 26999999999999991269708301797339420426240.000000
15389568.000000 26999999999999996105411580255856119250944.000000
15421104.000000 27000000000000000941114858714372818075648.000000
15452640.000000 27000000000000000941114858714372818075648.000000
15484176.000000 27000000000000000941114858714372818075648.000000
15515712.000000 27000000000000000941114858714372818075648.000000
15547248.000000 27000000000000000941114858714372818075648.000000
15578784.000000 27000000000000000941114858714372818075648.000000
15610320.000000 27000000000000005776818137172889516900352.000000
15641856.000000 27000000000000005776818137172889516900352.000000
15673392.000000 27000000000000010612521415631406215725056.000000
15704928.000000 27000000000000010612521415631406215725056.000000
15736464.000000 27000000000000010612521415631406215725056.000000
15768000.000000 27000000000000010612521415631406215725056.000000
15799536.000000 27000000000000010612521415631406215725056.000000
15831072.000000 27000000000000010612521415631406215725056.000000
15862608.000000 27000000000000010612521415631406215725056.000000
15894144.000000 27000000000000010612521415631406215725056.000000
15925680.000000 27000000000000010612521415631406215725056.000000
15957216.000000 27000000000000010612521415631406215725056.000000
15988752.000000 27000000000000015448224694089922914549760.000000
16020288.000000 27000000000000015448224694089922914549760.000000
16051824.000000 27000000000000015448224694089922914549760.000000
16083360.000000 27000000000000015448224694089922914549760.000000
16114896.000000 27000000000000015448224694089922914549760.000000
16146432.000000 27000000000000015448224694089922914549760.000000
16177968.000000 27000000000000010612521415631406215725056.000000
16209504.000000 27000000000000010612521415631406215725056.000000
16241040.000000 27000000000000015448224694089922914549760.000000
16272576.000000 27000000000000010612521415631406215725056.000000
16304112.000000 27000000000000010612521415631406215725056.000000
16335648.000000 27000000000000010612521415631406215725056.000000
16367184.000000 27000000000000010612521415631406215725056.000000
16398720.000000 27000000000000015448224694089922914549760.000000
16430256.000000 27000000000000015448224694089922914549760.000000
16461792.000000 27000000000000015448224694089922914549760.000000
16493328.000000 27000000000000015448224694089922914549760.000000
16524864.000000 27000000000000015448224694089922914549760.000000
16556400.000000 27000000000000010612521415631406215725056.000000
16587936.000000 27000000000000015448224694089922914549760.000000
16619472.000000 27000000000000010612521415631406215725056.000000
16651008.000000 27000000000000010612521415631406215725056.000000
16682544.000000 27000000000000015448224694089922914549760.000000
16714080.000000 27000000000000015448224694089922914549760.000000
16745616.000000 27000000000000015448224694089922914549760.000000
16777152.000000 27000000000000015448224694089922914549760.000000
16808688.000000 27000000000000015448224694089922914549760.000000
16840224.000000 27000000000000015448224694089922914549760.000000
16871760.000000 27000000000000010612521415631406215725056.000000
16903296.000000 27000000000000010612521415631406215725056.000000
16934832.000000 27000000000000015448224694089922914549760.000000
16966368.000000 27000000000000015448224694089922914549760.000000
16997904.000000 27000000000000015448224694089922914549760.000000
17029440.000000 27000000000000015448224694089922914549760.000000
17060976.000000 27000000000000020283927972548439613374464.000000
17092512.000000 27000000000000015448224694089922914549760.000000
17124048.000000 27000000000000015448224694089922914549760.000000
17155584.000000 27000000000000015448224694089922914549760.000000
17187120.000000 27000000000000015448224694089922914549760.000000
17218656.000000 27000000000000015448224694089922914549760.000000
17250192.000000 27000000000000015448224694089922914549760.000000
17281728.000000 27000000000000015448224694089922914549760.000000
17313264.000000 27000000000000015448224694089922914549760.000000
17344800.000000 27000000000000015448224694089922914549760.000000
17376336.000000 27000000000000015448224694089922914549760.000000
17407872.000000 27000000000000020283927972548439613374464.000000
17439408.000000 27000000000000020283927972548439613374464.000000
17470944.000000 27000000000000020283927972548439613374464.000000
17502480.000000 27000000000000015448224694089922914549760.000000
17534016.000000 27000000000000015448224694089922914549760.000000
17565552.000000 27000000000000015448224694089922914549760.000000
17597088.000000 27000000000000015448224694089922914549760.000000
17628624.000000 27000000000000015448224694089922914549760.000000
17660160.000000 27000000000000015448224694089922914549760.000000
17691696.000000 27000000000000015448224694089922914549760.000000
17723232.000000 27000000000000015448224694089922914549760.000000
17754768.000000 27000000000000020283927972548439613374464.000000
17786304.000000 27000000000000015448224694089922914549760.000000
17817840.000000 27000000000000015448224694089922914549760.000000
17849376.000000 27000000000000025119631251006956312199168.000000
17880912.000000 27000000000000020283927972548439613374464.000000
17912448.000000 27000000000000025119631251006956312199168.000000
17943984.000000 27000000000000020283927972548439613374464.000000
17975520.000000 27000000000000015448224694089922914549760.000000
18007056.000000 27000000000000020283927972548439613374464.000000
18038592.000000 27000000000000020283927972548439613374464.000000
18070128.000000 27000000000000020283927972548439613374464.000000
18101664.000000 27000000000000015448224694089922914549760.000000
18133200.000000 27000000000000025119631251006956312199168.000000
18164736.000000 27000000000000025119631251006956312199168.000000
18196272.000000 27000000000000025119631251006956312199168.000000
18227808.000000 27000000000000025119631251006956312199168.000000
18259344.000000 27000000000000025119631251006956312199168.000000
18290880.000000 27000000000000025119631251006956312199168.000000
18322416.000000 27000000000000025119631251006956312199168.000000
18353952.000000 27000000000000025119631251006956312199168.000000
18385488.000000 27000000000000025119631251006956312199168.000000
18417024.000000 27000000000000025119631251006956312199168.000000
18448560.000000 27000000000000025119631251006956312199168.000000
18480096.000000 27000000000000025119631251006956312199168.000000
18511632.000000 27000000000000025119631251006956312199168.000000
18543168.000000 27000000000000020283927972548439613374464.000000
18574704.000000 27000000000000020283927972548439613374464.000000
18606240.000000 27000000000000015448224694089922914549760.000000
18637776.000000 27000000000000020283927972548439613374464.000000
18669312.000000 27000000000000020283927972548439613374464.000000
18700848.000000 27000000000000020283927972548439613374464.000000
18732384.000000 27000000000000025119631251006956312199168.000000
18763920.000000 27000000000000025119631251006956312199168.000000
18795456.000000 27000000000000025119631251006956312199168.000000
18826992.000000 27000000000000025119631251006956312199168.000000
18858528.000000 27000000000000025119631251006956312199168.000000
18890064.000000 27000000000000020283927972548439613374464.000000
18921600.000000 27000000000000025119631251006956312199168.000000
18953136.000000 27000000000000025119631251006956312199168.000000
18984672.000000 27000000000000025119631251006956312199168.000000
19016208.000000 27000000000000025119631251006956312199168.000000
19047744.000000 27000000000000025119631251006956312199168.000000
19079280.000000 27000000000000025119631251006956312199168.000000
19110816.000000 27000000000000025119631251006956312199168.000000
19142352.000000 27000000000000025119631251006956312199168.000000
19173888.000000 27000000000000025119631251006956312199168.000000
19205424.000000 27000000000000025119631251006956312199168.000000
19236960.000000 27000000000000025119631251006956312199168.000000
19268496.000000 27000000000000025119631251006956312199168.000000
19300032.000000 27000000000000025119631251006956312199168.000000
19331568.000000 27000000000000025119631251006956312199168.000000
19363104.000000 27000000000000025119631251006956312199168.000000
19394640.000000 27000000000000025119631251006956312199168.000000
19426176.000000 27000000000000025119631251006956312199168.000000
19457712.000000 27000000000000025119631251006956312199168.000000
19489248.000000 27000000000000020283927972548439613374464.000000
19520784.000000 27000000000000020283927972548439613374464.000000
19552320.000000 27000000000000025119631251006956312199168.000000
19583856.000000 27000000000000025119631251006956312199168.000000
19615392.000000 27000000000000025119631251006956312199168.000000
19646928.000000 27000000000000025119631251006956312199168.000000
19678464.000000 27000000000000025119631251006956312199168.000000
19710000.000000 27000000000000025119631251006956312199168.000000
19741536.000000 27000000000000025119631251006956312199168.000000
19773072.000000 27000000000000025119631251006956312199168.000000
19804608.000000 27000000000000029955334529465473011023872.000000
19836144.000000 27000000000000029955334529465473011023872.000000
19867680.000000 27000000000000029955334529465473011023872.000000
19899216.000000 27000000000000029955334529465473011023872.000000
19930752.000000 27000000000000029955334529465473011023872.000000
19962288.000000 27000000000000029955334529465473011023872.000000
19993824.000000 27000000000000025119631251006956312199168.000000
20025360.000000 27000000000000029955334529465473011023872.000000
20056896.000000 27000000000000029955334529465473011023872.000000
20088432.000000 27000000000000029955334529465473011023872.000000
20119968.000000 27000000000000029955334529465473011023872.000000
20151504.000000 27000000000000029955334529465473011023872.000000
20183040.000000 27000000000000029955334529465473011023872.000000
20214576.000000 27000000000000029955334529465473011023872.000000
20246112.000000 27000000000000029955334529465473011023872.000000
20277648.000000 27000000000000029955334529465473011023872.000000
20309184.000000 27000000000000029955334529465473011023872.000000
20340720.000000 27000000000000029955334529465473011023872.000000
20372256.000000 27000000000000029955334529465473011023872.000000
20403792.000000 27000000000000025119631251006956312199168.000000
20435328.000000 27000000000000025119631251006956312199168.000000
20466864.000000 27000000000000025119631251006956312199168.000000
20498400.000000 27000000000000025119631251006956312199168.000000
20529936.000000 27000000000000029955334529465473011023872.000000
20561472.000000 27000000000000029955334529465473011023872.000000
20593008.000000 27000000000000029955334529465473011023872.000000
20624544.000000 27000000000000029955334529465473011023872.000000
20656080.000000 27000000000000029955334529465473011023872.000000
20687616.000000 27000000000000029955334529465473011023872.000000
20719152.000000 27000000000000025119631251006956312199168.000000
20750688.000000 27000000000000025119631251006956312199168.000000
20782224.000000 27000000000000025119631251006956312199168.000000
20813760.000000 27000000000000025119631251006956312199168.000000
20845296.000000 27000000000000025119631251006956312199168.000000
20876832.000000 27000000000000025119631251006956312199168.000000
20908368.000000 27000000000000025119631251006956312199168.000000
20939904.000000 27000000000000029955334529465473011023872.000000
20971440.000000 27000000000000029955334529465473011023872.000000
21002976.000000 27000000000000029955334529465473011023872.000000
21034512.000000 27000000000000029955334529465473011023872.000000
21066048.000000 27000000000000029955334529465473011023872.000000
21097584.000000 27000000000000029955334529465473011023872.000000
21129120.000000 27000000000000034791037807923989709848576.000000
21160656.000000 27000000000000034791037807923989709848576.000000
21192192.000000 27000000000000034791037807923989709848576.000000
21223728.000000 27000000000000034791037807923989709848576.000000
21255264.000000 27000000000000034791037807923989709848576.000000
21286800.000000 27000000000000034791037807923989709848576.000000
21318336.000000 27000000000000034791037807923989709848576.000000
21349872.000000 27000000000000034791037807923989709848576.000000
21381408.000000 27000000000000039626741086382506408673280.000000
21412944.000000 27000000000000034791037807923989709848576.000000
21444480.000000 27000000000000039626741086382506408673280.000000
21476016.000000 27000000000000039626741086382506408673280.000000
21507552.000000 27000000000000039626741086382506408673280.000000
21539088.000000 27000000000000039626741086382506408673280.000000
21570624.000000 27000000000000039626741086382506408673280.000000
21602160.000000 27000000000000039626741086382506408673280.000000
21633696.000000 27000000000000039626741086382506408673280.000000
21665232.000000 27000000000000039626741086382506408673280.000000
21696768.000000 27000000000000039626741086382506408673280.000000
21728304.000000 27000000000000039626741086382506408673280.000000
21759840.000000 27000000000000049298147643299539806322688.000000
21791376.000000 27000000000000044462444364841023107497984.000000
21822912.000000 27000000000000049298147643299539806322688.000000
21854448.000000 27000000000000044462444364841023107497984.000000
21885984.000000 27000000000000049298147643299539806322688.000000
21917520.000000 27000000000000044462444364841023107497984.000000
21949056.000000 27000000000000044462444364841023107497984.000000
21980592.000000 27000000000000049298147643299539806322688.000000
22012128.000000 27000000000000049298147643299539806322688.000000
22043664.000000 27000000000000049298147643299539806322688.000000
22075200.000000 27000000000000044462444364841023107497984.000000
22106736.000000 27000000000000049298147643299539806322688.000000
22138272.000000 27000000000000049298147643299539806322688.000000
22169808.000000 27000000000000049298147643299539806322688.000000
22201344.000000 27000000000000049298147643299539806322688.000000
22232880.000000 27000000000000049298147643299539806322688.000000
22264416.000000 27000000000000049298147643299539806322688.000000
22295952.000000 27000000000000049298147643299539806322688.000000
22327488.000000 27000000000000049298147643299539806322688.000000
22359024.000000 27000000000000049298147643299539806322688.000000
22390560.000000 27000000000000049298147643299539806322688.000000
22422096.000000 27000000000000049298147643299539806322688.000000
22453632.000000 27000000000000044462444364841023107497984.000000
22485168.000000 27000000000000039626741086382506408673280.000000
22516704.000000 27000000000000039626741086382506408673280.000000
22548240.000000 27000000000000039626741086382506408673280.000000
22579776.000000 27000000000000039626741086382506408673280.000000
22611312.000000 27000000000000034791037807923989709848576.000000
22642848.000000 27000000000000034791037807923989709848576.000000
22674384.000000 27000000000000034791037807923989709848576.000000
22705920.000000 27000000000000034791037807923989709848576.000000
22737456.000000 27000000000000034791037807923989709848576.000000
22768992.000000 27000000000000034791037807923989709848576.000000
22800528.000000 27000000000000034791037807923989709848576.000000
22832064.000000 27000000000000034791037807923989709848576.000000
22863600.000000 27000000000000034791037807923989709848576.000000
22895136.000000 27000000000000029955334529465473011023872.000000
22926672.000000 27000000000000034791037807923989709848576.000000
22958208.000000 27000000000000034791037807923989709848576.000000
22989744.000000 27000000000000034791037807923989709848576.000000
23021280.000000 27000000000000039626741086382506408673280.000000
23052816.000000 27000000000000039626741086382506408673280.000000
23084352.000000 27000000000000034791037807923989709848576.000000
23115888.000000 27000000000000039626741086382506408673280.000000
23147424.000000 27000000000000034791037807923989709848576.000000
23178960.000000 27000000000000034791037807923989709848576.000000
23210496.000000 27000000000000034791037807923989709848576.000000
23242032.000000 27000000000000034791037807923989709848576.000000
23273568.000000 27000000000000039626741086382506408673280.000000
23305104.000000 27000000000000034791037807923989709848576.000000
23336640.000000 27000000000000039626741086382506408673280.000000
23368176.000000 27000000000000039626741086382506408673280.000000
23399712.000000 27000000000000039626741086382506408673280.000000
23431248.000000 27000000000000039626741086382506408673280.000000
23462784.000000 27000000000000049298147643299539806322688.000000
23494320.000000 27000000000000049298147643299539806322688.000000
23525856.000000 27000000000000044462444364841023107497984.000000
23557392.000000 27000000000000049298147643299539806322688.000000
23588928.000000 27000000000000044462444364841023107497984.000000
23620464.000000 27000000000000049298147643299539806322688.000000
23652000.000000 27000000000000049298147643299539806322688.000000
23683536.000000 27000000000000049298147643299539806322688.000000
23715072.000000 27000000000000054133850921758056505147392.000000
23746608.000000 27000000000000049298147643299539806322688.000000
23778144.000000 27000000000000054133850921758056505147392.000000
23809680.000000 27000000000000054133850921758056505147392.000000
23841216.000000 27000000000000054133850921758056505147392.000000
23872752.000000 27000000000000054133850921758056505147392.000000
23904288.000000 27000000000000054133850921758056505147392.000000
23935824.000000 27000000000000054133850921758056505147392.000000
23967360.000000 27000000000000058969554200216573203972096.000000
23998896.000000 27000000000000054133850921758056505147392.000000
24030432.000000 27000000000000049298147643299539806322688.000000
24061968.000000 27000000000000049298147643299539806322688.000000
24093504.000000 27000000000000054133850921758056505147392.000000
24125040.000000 27000000000000049298147643299539806322688.000000
24156576.000000 27000000000000049298147643299539806322688.000000
24188112.000000 27000000000000049298147643299539806322688.000000
24219648.000000 27000000000000049298147643299539806322688.000000
24251184.000000 27000000000000054133850921758056505147392.000000
24282720.000000 27000000000000054133850921758056505147392.000000
24314256.000000 27000000000000054133850921758056505147392.000000
24345792.000000 27000000000000049298147643299539806322688.000000
24377328.000000 27000000000000049298147643299539806322688.000000
24408864.000000 27000000000000049298147643299539806322688.000000
24440400.000000 27000000000000044462444364841023107497984.000000
24471936.000000 27000000000000044462444364841023107497984.000000
24503472.000000 27000000000000044462444364841023107497984.000000
24535008.000000 27000000000000039626741086382506408673280.000000
24566544.000000 27000000000000044462444364841023107497984.000000
24598080.000000 27000000000000039626741086382506408673280.000000
24629616.000000 27000000000000044462444364841023107497984.000000
24661152.000000 27000000000000049298147643299539806322688.000000
24692688.000000 27000000000000044462444364841023107497984.000000
24724224.000000 27000000000000044462444364841023107497984.000000
24755760.000000 27000000000000049298147643299539806322688.000000
24787296.000000 27000000000000044462444364841023107497984.000000
24818832.000000 27000000000000039626741086382506408673280.000000
24850368.000000 27000000000000039626741086382506408673280.000000
24881904.000000 27000000000000039626741086382506408673280.000000
24913440.000000 27000000000000039626741086382506408673280.000000
24944976.000000 27000000000000049298147643299539806322688.000000
24976512.000000 27000000000000044462444364841023107497984.000000
25008048.000000 27000000000000039626741086382506408673280.000000
25039584.000000 27000000000000039626741086382506408673280.000000
25071120.000000 27000000000000039626741086382506408673280.000000
25102656.000000 27000000000000039626741086382506408673280.000000
25134192.000000 27000000000000039626741086382506408673280.000000
25165728.000000 27000000000000039626741086382506408673280.000000
25197264.000000 27000000000000039626741086382506408673280.000000
25228800.000000 27000000000000039626741086382506408673280.000000
25260336.000000 27000000000000039626741086382506408673280.000000
25291872.000000 27000000000000044462444364841023107497984.000000
25323408.000000 27000000000000044462444364841023107497984.000000
25354944.000000 27000000000000049298147643299539806322688.000000
25386480.000000 27000000000000039626741086382506408673280.000000
25418016.000000 27000000000000039626741086382506408673280.000000
25449552.000000 27000000000000039626741086382506408673280.000000
25481088.000000 27000000000000039626741086382506408673280.000000
25512624.000000 27000000000000039626741086382506408673280.000000
25544160.000000 27000000000000039626741086382506408673280.000000
25575696.000000 27000000000000044462444364841023107497984.000000
25607232.000000 27000000000000044462444364841023107497984.000000
25638768.000000 27000000000000039626741086382506408673280.000000
25670304.000000 27000000000000044462444364841023107497984.000000
25701840.000000 27000000000000044462444364841023107497984.000000
25733376.000000 27000000000000044462444364841023107497984.000000
25764912.000000 27000000000000049298147643299539806322688.000000
25796448.000000 27000000000000049298147643299539806322688.000000
25827984.000000 27000000000000044462444364841023107497984.000000
25859520.000000 27000000000000044462444364841023107497984.000000
25891056.000000 27000000000000049298147643299539806322688.000000
25922592.000000 27000000000000049298147643299539806322688.000000
25954128.000000 27000000000000049298147643299539806322688.000000
25985664.000000 27000000000000049298147643299539806322688.000000
26017200.000000 27000000000000049298147643299539806322688.000000
26048736.000000 27000000000000044462444364841023107497984.000000
26080272.000000 27000000000000039626741086382506408673280.000000
26111808.000000 27000000000000039626741086382506408673280.000000
26143344.000000 27000000000000044462444364841023107497984.000000
26174880.000000 27000000000000044462444364841023107497984.000000
26206416.000000 27000000000000049298147643299539806322688.000000
26237952.000000 27000000000000049298147643299539806322688.000000
26269488.000000 27000000000000049298147643299539806322688.000000
26301024.000000 27000000000000049298147643299539806322688.000000
26332560.000000 27000000000000049298147643299539806322688.000000
26364096.000000 27000000000000049298147643299539806322688.000000
26395632.000000 27000000000000054133850921758056505147392.000000
26427168.000000 27000000000000054133850921758056505147392.000000
26458704.000000 27000000000000049298147643299539806322688.000000
26490240.000000 27000000000000054133850921758056505147392.000000
26521776.000000 27000000000000054133850921758056505147392.000000
26553312.000000 27000000000000054133850921758056505147392.000000
26584848.000000 27000000000000058969554200216573203972096.000000
26616384.000000 27000000000000054133850921758056505147392.000000
26647920.000000 27000000000000058969554200216573203972096.000000
26679456.000000 27000000000000058969554200216573203972096.000000
26710992.000000 27000000000000063805257478675089902796800.000000
26742528.000000 27000000000000058969554200216573203972096.000000
26774064.000000 27000000000000063805257478675089902796800.000000
26805600.000000 27000000000000063805257478675089902796800.000000
26837136.000000 27000000000000063805257478675089902796800.000000
26868672.000000 27000000000000058969554200216573203972096.000000
26900208.000000 27000000000000058969554200216573203972096.000000
26931744.000000 27000000000000058969554200216573203972096.000000
26963280.000000 27000000000000058969554200216573203972096.000000
26994816.000000 27000000000000058969554200216573203972096.000000
27026352.000000 27000000000000058969554200216573203972096.000000
27057888.000000 27000000000000058969554200216573203972096.000000
27089424.000000 27000000000000058969554200216573203972096.000000
27120960.000000 27000000000000058969554200216573203972096.000000
27152496.000000 27000000000000058969554200216573203972096.000000
27184032.000000 27000000000000058969554200216573203972096.000000
27215568.000000 27000000000000058969554200216573203972096.000000
27247104.000000 27000000000000058969554200216573203972096.000000
27278640.000000 27000000000000058969554200216573203972096.000000
27310176.000000 27000000000000058969554200216573203972096.000000
27341712.000000 27000000000000058969554200216573203972096.000000
27373248.000000 27000000000000058969554200216573203972096.000000
27404784.000000 27000000000000058969554200216573203972096.000000
27436320.000000 27000000000000054133850921758056505147392.000000
27467856.000000 27000000000000054133850921758056505147392.000000
27499392.000000 27000000000000054133850921758056505147392.000000
27530928.000000 27000000000000054133850921758056505147392.000000
27562464.000000 27000000000000054133850921758056505147392.000000
27594000.000000 27000000000000054133850921758056505147392.000000
27625536.000000 27000000000000054133850921758056505147392.000000
27657072.000000 27000000000000049298147643299539806322688.000000
27688608.000000 27000000000000054133850921758056505147392.000000
27720144.000000 27000000000000054133850921758056505147392.000000
27751680.000000 27000000000000049298147643299539806322688.000000
27783216.000000 27000000000000054133850921758056505147392.000000
27814752.000000 27000000000000054133850921758056505147392.000000
27846288.000000 27000000000000054133850921758056505147392.000000
27877824.000000 27000000000000049298147643299539806322688.000000
27909360.000000 27000000000000049298147643299539806322688.000000
27940896.000000 27000000000000049298147643299539806322688.000000
27972432.000000 27000000000000049298147643299539806322688.000000
28003968.000000 27000000000000049298147643299539806322688.000000
28035504.000000 27000000000000049298147643299539806322688.000000
28067040.000000 27000000000000049298147643299539806322688.000000
28098576.000000 27000000000000049298147643299539806322688.000000
28130112.000000 27000000000000049298147643299539806322688.000000
28161648.000000 27000000000000049298147643299539806322688.000000
28193184.000000 27000000000000049298147643299539806322688.000000
28224720.000000 27000000000000049298147643299539806322688.000000
28256256.000000 27000000000000049298147643299539806322688.000000
28287792.000000 27000000000000049298147643299539806322688.000000
28319328.000000 27000000000000049298147643299539806322688.000000
28350864.000000 27000000000000049298147643299539806322688.000000
28382400.000000 27000000000000049298147643299539806322688.000000
28413936.000000 27000000000000049298147643299539806322688.000000
28445472.000000 27000000000000049298147643299539806322688.000000
28477008.000000 27000000000000049298147643299539806322688.000000
28508544.000000 27000000000000049298147643299539806322688.000000
28540080.000000 27000000000000049298147643299539806322688.000000
28571616.000000 27000000000000049298147643299539806322688.000000
28603152.000000 27000000000000054133850921758056505147392.000000
28634688.000000 27000000000000054133850921758056505147392.000000
28666224.000000 27000000000000049298147643299539806322688.000000
28697760.000000 27000000000000049298147643299539806322688.000000
28729296.000000 27000000000000054133850921758056505147392.000000
28760832.000000 27000000000000049298147643299539806322688.000000
28792368.000000 27000000000000054133850921758056505147392.000000
28823904.000000 27000000000000054133850921758056505147392.000000
28855440.000000 27000000000000054133850921758056505147392.000000
28886976.000000 27000000000000054133850921758056505147392.000000
28918512.000000 27000000000000054133850921758056505147392.000000
28950048.000000 27000000000000054133850921758056505147392.000000
28981584.000000 27000000000000054133850921758056505147392.000000
29013120.000000 27000000000000054133850921758056505147392.000000
29044656.000000 27000000000000058969554200216573203972096.000000
29076192.000000 27000000000000054133850921758056505147392.000000
29107728.000000 27000000000000054133850921758056505147392.000000
29139264.000000 27000000000000054133850921758056505147392.000000
29170800.000000 27000000000000054133850921758056505147392.000000
29202336.000000 27000000000000054133850921758056505147392.000000
29233872.000000 27000000000000054133850921758056505147392.000000
29265408.000000 27000000000000054133850921758056505147392.000000
29296944.000000 27000000000000054133850921758056505147392.000000
29328480.000000 27000000000000054133850921758056505147392.000000
29360016.000000 27000000000000058969554200216573203972096.000000
29391552.000000 27000000000000058969554200216573203972096.000000
29423088.000000 27000000000000054133850921758056505147392.000000
29454624.000000 27000000000000058969554200216573203972096.000000
29486160.000000 27000000000000054133850921758056505147392.000000
29517696.000000 27000000000000054133850921758056505147392.000000
29549232.000000 27000000000000054133850921758056505147392.000000
29580768.000000 27000000000000054133850921758056505147392.000000
29612304.000000 27000000000000058969554200216573203972096.000000
29643840.000000 27000000000000054133850921758056505147392.000000
29675376.000000 27000000000000054133850921758056505147392.000000
29706912.000000 27000000000000054133850921758056505147392.000000
29738448.000000 27000000000000058969554200216573203972096.000000
29769984.000000 27000000000000058969554200216573203972096.000000
29801520.000000 27000000000000058969554200216573203972096.000000
29833056.000000 27000000000000058969554200216573203972096.000000
29864592.000000 27000000000000058969554200216573203972096.000000
29896128.000000 27000000000000058969554200216573203972096.000000
29927664.000000 27000000000000058969554200216573203972096.000000
29959200.000000 27000000000000058969554200216573203972096.000000
29990736.000000 27000000000000054133850921758056505147392.000000
30022272.000000 27000000000000054133850921758056505147392.000000
30053808.000000 27000000000000054133850921758056505147392.000000
30085344.000000 27000000000000054133850921758056505147392.000000
30116880.000000 27000000000000049298147643299539806322688.000000
30148416.000000 27000000000000054133850921758056505147392.000000
30179952.000000 27000000000000054133850921758056505147392.000000
30211488.000000 27000000000000054133850921758056505147392.000000
30243024.000000 27000000000000054133850921758056505147392.000000
30274560.000000 27000000000000054133850921758056505147392.000000
30306096.000000 27000000000000058969554200216573203972096.000000
30337632.000000 27000000000000054133850921758056505147392.000000
30369168.000000 27000000000000054133850921758056505147392.000000
30400704.000000 27000000000000058969554200216573203972096.000000
30432240.000000 27000000000000058969554200216573203972096.000000
30463776.000000 27000000000000063805257478675089902796800.000000
30495312.000000 27000000000000063805257478675089902796800.000000
30526848.000000 27000000000000058969554200216573203972096.000000
30558384.000000 27000000000000054133850921758056505147392.000000
30589920.000000 27000000000000058969554200216573203972096.000000
30621456.000000 27000000000000063805257478675089902796800.000000
30652992.000000 27000000000000063805257478675089902796800.000000
30684528.000000 27000000000000063805257478675089902796800.000000
30716064.000000 27000000000000063805257478675089902796800.000000
30747600.000000 27000000000000063805257478675089902796800.000000
30779136.000000 27000000000000063805257478675089902796800.000000
30810672.000000 27000000000000063805257478675089902796800.000000
30842208.000000 27000000000000063805257478675089902796800.000000
30873744.000000 27000000000000068640960757133606601621504.000000
30905280.000000 27000000000000073476664035592123300446208.000000
30936816.000000 27000000000000073476664035592123300446208.000000
30968352.000000 27000000000000073476664035592123300446208.000000
30999888.000000 27000000000000073476664035592123300446208.000000
31031424.000000 27000000000000073476664035592123300446208.000000
31062960.000000 27000000000000073476664035592123300446208.000000
31094496.000000 27000000000000073476664035592123300446208.000000
31126032.000000 27000000000000073476664035592123300446208.000000
31157568.000000 27000000000000073476664035592123300446208.000000
31189104.000000 27000000000000073476664035592123300446208.000000
31220640.000000 27000000000000073476664035592123300446208.000000
31252176.000000 27000000000000073476664035592123300446208.000000
31283712.000000 27000000000000073476664035592123300446208.000000
31315248.000000 27000000000000073476664035592123300446208.000000
31346784.000000 27000000000000073476664035592123300446208.000000
31378320.000000 27000000000000073476664035592123300446208.000000
31409856.000000 27000000000000073476664035592123300446208.000000
31441392.000000 27000000000000073476664035592123300446208.000000
31472928.000000 27000000000000073476664035592123300446208.000000
31504464.000000 27000000000000073476664035592123300446208.000000
31536000.000000 27000000000000073476664035592123300446208.000000