
31536.000000 -5335893862067229487687475618906112.000000
63072.000000 -5335680356336968100587734504046592.000000
94608.000000 -5335254658959023655706597865291776.000000
126144.000000 -5334616863530300932679839869042688.000000
157680.000000 -5333767097865913447019948950945792.000000
189216.000000 -5332705523966098061698425128222720.000000
220752.000000 -5331432337977192052979352050073600.000000
252288.000000 -5329947770146625360722554905427968.000000
283824.000000 -5328252084771994892603611385167872.000000
315360.000000 -5326345580144194365056109741342720.000000
346896.000000 -5324228588484645797796338217254912.000000
378432.000000 -5321901475876626897322882814181376.000000
409968.000000 -5319364642190720846585739352211456.000000
441504.000000 -5316618521004406947569013534752768.000000
473040.000000 -5313663579515820939824824187879424.000000
504576.000000 -5310500318451683842036905067675648.000000
536112.000000 -5307129271969448892238603329994752.000000
567648.000000 -5303551007553658516234742414704640.000000
599184.000000 -5299766125906578193674616541544448.000000
630720.000000 -5295775260833081857503015466958848.000000
662256.000000 -5291579079119863766687078946963456.000000
693792.000000 -5287178280408975699297476299194368.000000
725328.000000 -5282573597065717136060021628469248.000000
756864.000000 -5277765794040939539217468878749696.000000
788400.000000 -5272755668727747432878917608800256.000000
819936.000000 -5267544050812676989362151970832384.000000
851472.000000 -5262131802121356733214931319521280.000000
883008.000000 -5256519816458683797638866049957888.000000
914544.000000 -5250709019443577991077127434272768.000000
946080.000000 -5244700368338309062279973029543936.000000
977616.000000 -5238494851872477868353410136276992.000000
1009152.000000 -5232093490061656057477015734845440.000000
1040688.000000 -5225497334020747676973666276474880.000000
1072224.000000 -5218707465772093459318260252016640.000000
1103760.000000 -5211724998048369667553140846624768.000000
1135296.000000 -5204551074090341452028458236379136.000000
1166832.000000 -5197186867439464953859948492619776.000000
1198368.000000 -5189633581725448259107819047878656.000000
1229904.000000 -5181892450448753333393419317280768.000000
1261440.000000 -5173964736758131170674065023172608.000000
1292976.000000 -5165851733223215520449117573611520.000000
1324512.000000 -5157554761602233415933301140488192.000000
1356048.000000 -5149075172604871126067661766656000.000000
1387584.000000 -5140414345650346259914371203334144.000000
1419120.000000 -5131573688620758081029413405720576.000000
1450656.000000 -5122554637609736207939484306636800.000000
1482192.000000 -5113358656666460911238647402987520.000000
1513728.000000 -5103987237535104582929443249455104.000000
1545264.000000 -5094441899389742224250894043578368.000000
1576800.000000 -5084724188564797821440670499340288.000000
1608336.000000 -5074835678281060620615806911250432.000000
1639872.000000 -5064777968367366417796094473797632.000000
1671408.000000 -5054552684977942134687895946002432.000000
1702944.000000 -5044161480305544536819154538201088.000000
1734480.000000 -5033606032290383870653560166285312.000000
1766016.000000 -5022888044324935029697783082778624.000000
1797552.000000 -5012009244954681790001206855204864.000000
1829088.000000 -5000971387574850031741134123827200.000000
1860624.000000 -4989776250123210651398787618045952.000000
1892160.000000 -4978425634768980987563721602629632.000000
1923696.000000 -4966921367597924488076792246042624.000000
1955232.000000 -4955265298293684359078329723125760.000000
1986768.000000 -4943459299815433629849091441688576.000000
2018304.000000 -4931505268071891785529446790856704.000000
2049840.000000 -4919405121591778872389326732263424.000000
2081376.000000 -4907160801190784321389746892832768.000000
2112912.000000 -4894774269635081618916528544022528.000000
2144448.000000 -4882247511301510457904953489883136.000000
2175984.000000 -4869582531834436169188142022131712.000000
2207520.000000 -4856781357799395384151339289280512.000000
2239056.000000 -4843846036333574622013046657122304.000000
2270592.000000 -4830778634793200200395311326167040.000000
2302128.000000 -4817581240397898844640661458649088.000000
2333664.000000 -4804255959872120653135303059439616.000000
2365200.000000 -4790804919083651512293936871768064.000000
2396736.000000 -4777230262679343511953958951190528.000000
2428272.000000 -4763534153718077772697852503392256.000000
2459808.000000 -4749718773301066330342947119169536.000000
2491344.000000 -4735786320199554182438289569480704.000000
2522880.000000 -4721739010479990095598150267961344.000000
2554416.000000 -4707579077126741113569964845957120.000000
2585952.000000 -4693308769662416482562473430351872.000000
2617488.000000 -4678930353765897839240444599336960.000000
2649024.000000 -4664446110888105060884351490719744.000000
2680560.000000 -4649858337865615375708469961162752.000000
2712096.000000 -4635169346532180120815326159962112.000000
2743632.000000 -4620381463328225616899339030888448.000000
2775168.000000 -4605497028908406758529181849485312.000000
2806704.000000 -4590518397747285377602900723761152.000000
2838240.000000 -4575447937743216966784874054680576.000000
2869776.000000 -4560288029820509750068118636462080.000000
2901312.000000 -4545041067529931040359741841735680.000000
2932848.000000 -4529709456647646776741633101660160.000000
2964384.000000 -4514295614772643817031092775419904.000000
2995920.000000 -4498801970922752583634868307492864.000000
3027456.000000 -4483230965129282168372396044582912.000000
3058992.000000 -4467585048030416623142342995476480.000000
3090528.000000 -4451866680463373589353953140670464.000000
3122064.000000 -4436078333055458428556980382597120.000000
3153600.000000 -4420222485814054782983621679513600.000000
3185136.000000 -4404301627715644376183571214237696.000000
3216672.000000 -4388318256293907358759150602420224.000000
3248208.000000 -4372274877227008691518186666852352.000000
3279744.000000 -4356174003924124176894600996192256.000000
3311280.000000 -4340018157111285113759776857128960.000000
3342816.000000 -4323809864416610174454227567378432.000000
3374352.000000 -4307551659955021349445953304657920.000000
3405888.000000 -4291246083912486617711156804976640.000000
3437424.000000 -4274895682129882729479191104847872.000000
3468960.000000 -4258503005686549582475024951934976.000000
3500496.000000 -4242070610483612284478529936031744.000000
3532032.000000 -4225601056827127395354315075878912.000000
3563568.000000 -4209096909011143276429468195880960.000000
3595104.000000 -4192560734900761592792801909669888.000000
3626640.000000 -4175995105515218415259677920067584.000000
3658176.000000 -4159402594611132495954999311859712.000000
3689712.000000 -4142785778265917835210609320263680.000000
3721248.000000 -4126147234461500619739906306998272.000000
3752784.000000 -4109489542668361284676757867200512.000000
3784320.000000 -4092815283429988745052311884136448.000000
3815856.000000 -4076127037947843065655339203428352.000000
3847392.000000 -4059427387666849627706200063737856.000000
3878928.000000 -4042718913861538355112638058332160.000000
3910464.000000 -4026004197222876423010595115106304.000000
3942000.000000 -4009285817445866506184085422997504.000000
3973536.000000 -3992566352817982624958166232727552.000000
4005072.000000 -3975848379808516222619795763232768.000000
4036608.000000 -3959134472658888391059551645859840.000000
4068144.000000 -3942427202974014713747055419850752.000000
4099680.000000 -3925729139314774031047058083807232.000000
4131216.000000 -3909042846791657797156243058458624.000000
4162752.000000 -3892370886659662286421995330469888.000000
4194288.000000 -3875715815914489942029651670990848.000000
4225824.000000 -3859080186890135383416783677423616.000000
4257360.000000 -3842466546857909683264477856792576.000000
4288896.000000 -3825877437626962865983852306759680.000000
4320432.000000 -3809315395146391096810655507808256.000000
4351968.000000 -3792782949108980442975654534709248.000000
4383504.000000 -3776282622556637935497015388536832.000000
4415040.000000 -3759816931487583718570970287439872.000000
4446576.000000 -3743388384465394790898883553656832.000000
4478112.000000 -3726999482229893997882440759115776.000000
4509648.000000 -3710652717310015707738486310174720.000000
4541184.000000 -3694350573638674112267363125559296.000000
4572720.000000 -3678095526169684304360204805341184.000000
4604256.000000 -3661890040496839318719842603761664.000000
4635792.000000 -3645736572475140829952317992206336.000000
4667328.000000 -3629637567844295341414947676487680.000000
4698864.000000 -3613595461854512181848336184115200.000000
4730400.000000 -3597612678894646544348758778314752.000000
4761936.000000 -3581691632122778648479778639708160.000000
4793472.000000 -3565834723099238248895135170428928.000000
4825008.000000 -3550044341422188629701859498524672.000000
4856544.000000 -3534322864365751637819543473094656.000000
4888080.000000 -3518672656520808070691048847835136.000000
4919616.000000 -3503096069438457853904344460558336.000000
4951152.000000 -3487595441276223019073803101667328.000000
4982688.000000 -3472173096447061504349729875558400.000000
5014224.000000 -3456831345271198695085149696032768.000000
5045760.000000 -3441572483630872973605488587440128.000000
5077296.000000 -3426398792628007383756947163447296.000000
5108832.000000 -3411312538244890420581897976414208.000000
5140368.000000 -3396315971007879203718609716117504.000000
5171904.000000 -3381411325654209197795134557650944.000000
5203440.000000 -3366600820801915091503377085890560.000000
5234976.000000 -3351886658622956221995217951129600.000000
5266512.000000 -3337271024519551156286710683271168.000000
5298048.000000 -3322756086803789452039123468550144.000000
5329584.000000 -3308343996380556338283468701040640.000000
5361120.000000 -3294036886433814703566447672557568.000000
5392656.000000 -3279836872116288778995737764560896.000000
5424192.000000 -3265746050242581797986751133777920.000000
5455728.000000 -3251766498985785278786095233892352.000000
5487264.000000 -3237900277577608176348598041051136.000000
5518800.000000 -3224149426012059914752283885174784.000000
5550336.000000 -3210515964752739181619007195185152.000000
5581872.000000 -3197001894443767683871900790947840.000000
5613408.000000 -3183609195624379241123180183552000.000000
5644944.000000 -3170339828447244921197626363215872.000000
5676480.000000 -3157195732400518076890682578960384.000000
5708016.000000 -3144178826033682294309496803033088.000000
5739552.000000 -3131291006687201676336157576658944.000000
5771088.000000 -3118534150226023613298573634961408.000000
5802624.000000 -3105910110776961134504355571957760.000000
5834160.000000 -3093420720469982510753810109956096.000000
5865696.000000 -3081067789183453648231478943809536.000000
5897232.000000 -3068853104293337885462240587415552.000000
5928768.000000 -3056778430426418333396985509314560.000000
5960304.000000 -3044845509217520276658524723871744.000000
5991840.000000 -3033056059070822987364338868682752.000000
6023376.000000 -3021411774925232704949304900452352.000000
6054912.000000 -3009914328023873851602878448271360.000000
6086448.000000 -2998565365687713471300291713302528.000000
6117984.000000 -2987366511093348868386886692896768.000000
6149520.000000 -2976319363054974586616648224997376.000000
6181056.000000 -2965425495810558128143304327430144.000000
6212592.000000 -2954686458812237671061296810819584.000000
6244128.000000 -2944103776520972337916494246576128.000000
6275664.000000 -2933678948205468650077491730317312.000000
6307200.000000 -2923413447745383744428249744146432.000000
6338736.000000 -2913308723438841669409467233468416.000000
6370272.000000 -2903366197814278324849001090777088.000000
6401808.000000 -2893587267446623692492616597766144.000000
6433344.000000 -2883973302777851909654940907208704.000000
6464880.000000 -2874525647941898609529867261181952.000000
6496416.000000 -2865245620593964551365235958611968.000000
6527952.000000 -2856134511744242433989939491241984.000000
6559488.000000 -2847193585596040951959598193967104.000000
6591024.000000 -2838424079388344717191210738909184.000000
6622560.000000 -2829827203242826186987843969089536.000000
6654096.000000 -2821404140015294610473802182688768.000000
6685632.000000 -2813156045151619463389175590420480.000000
6717168.000000 -2805084046548123183096997215207424.000000
6748704.000000 -2797189244416453003635797392359424.000000
6780240.000000 -2789472711152947455257868062687232.000000
6811776.000000 -2781935491212493493227970734587904.000000
6843312.000000 -2774578600986892702626561824653312.000000
6874848.000000 -2767403028687733120393021556260864.000000
6906384.000000 -2760409734233766674608886416146432.000000
6937920.000000 -2753599649142826828666223374368768.000000
6969456.000000 -2746973676428243772225475414327296.000000
7000992.000000 -2740532690499797511215439612477440.000000
7032528.000000 -2734277537069200786424845519814656.000000
7064064.000000 -2728209033060090491637698618458112.000000
7095600.000000 -2722327966522567367104297789554688.000000
7127136.000000 -2716635096552260333457082352140288.000000
7158672.000000 -2711131153213912007306794852417536.000000
7190208.000000 -2705816837469485974979711906873344.000000
7221744.000000 -2700692821110819459286787539599360.000000
7253280.000000 -2695759746696771803700010919395328.000000
7284816.000000 -2691018227494903938041869005488128.000000
7316352.000000 -2686468847427668649561583482044416.000000
7347888.000000 -2682112161023108200633608160935936.000000
7379424.000000 -2677948693370055257853120728793088.000000
7410960.000000 -2673978940077826756234967376723968.000000
7442496.000000 -2670203367240412427898317222969344.000000
7474032.000000 -2666622411405139548492952818941952.000000
7505568.000000 -2663236479545817360131710559191040.000000
7537104.000000 -2660045949040333500712960430964736.000000
7568640.000000 -2657051167652724921602464936886272.000000
7600176.000000 -2654252453519669682824652972359680.000000
7631712.000000 -2651650095141438825094465290502144.000000
7663248.000000 -2649244351377241449242504357478400.000000
7694784.000000 -2647035451445008543432920568692736.000000
7726320.000000 -2645023594925551571030529145831424.000000
7757856.000000 -2643208951771121183390259065389056.000000
7789392.000000 -2641591662318322823012511261917184.000000
7820928.000000 -2640171837305405357965490601852928.000000
7852464.000000 -2638949557893866254420785892425728.000000
7884000.000000 -2637924875694406722025831524204544.000000
7915536.000000 -2637097812797182644802534225477632.000000
7947072.000000 -2636468361806346109425294197653504.000000
7978608.000000 -2636036485878867731045631473483776.000000
8010144.000000 -2635802118767611530086554630356992.000000
8041680.000000 -2635765164868651407252378093617152.000000
8073216.000000 -2635925499272802123098629769003008.000000
8104752.000000 -2636282967821356711711516756279296.000000
8136288.000000 -2636837387165992282087297118109696.000000
8167824.000000 -2637588544832851124740585345253376.000000
8199360.000000 -2638536199290742936230874996277248.000000
8230896.000000 -2639680080023477384979315366559744.000000
8262432.000000 -2641019887606273407525777968201728.000000
8293968.000000 -2642555293786259646745020406431744.000000
8325504.000000 -2644285941567007809485965006733312.000000
8357040.000000 -2646211445297104131780862923505664.000000
8388576.000000 -2648331390762701882009865691332608.000000
8420112.000000 -2650645335284068160618307197599744.000000
8451648.000000 -2653152807816076573683502588887040.000000
8483184.000000 -2655853309052616380832696636538880.000000
8514720.000000 -2658746311534914658747647740870656.000000
8546256.000000 -2661831259763717869405883355627520.000000
8577792.000000 -2665107570315333409519379136118784.000000
8609328.000000 -2668574631961473495095431468679168.000000
8640864.000000 -2672231805792910604491760236232704.000000
8672400.000000 -2676078425346877034057822319411200.000000
8703936.000000 -2680113796738203954676317405839360.000000
8735472.000000 -2684337198794181522460812398034944.000000
8767008.000000 -2688747883193072021240712615952384.000000
8798544.000000 -2693345074606278919137341311287296.000000
8830080.000000 -2698127970844143592654264625790976.000000
8861616.000000 -2703095743005310342824374740975616.000000
8893152.000000 -2708247535629656821109969702092800.000000
8924688.000000 -2713582466854746630499407159623680.000000
8956224.000000 -2719099628575772972919707643412480.000000
8987760.000000 -2724798086608967978692006018809856.000000
9019296.000000 -2730676880858433907012676064641024.000000
9050832.000000 -2736735025486367970883265305247744.000000
9082368.000000 -2742971509086665222048927904169984.000000
9113904.000000 -2749385294861828014812069994954752.000000
9145440.000000 -2755975320803199342543776551796736.000000
9176976.000000 -2762740499874430119015660465946624.000000
9208512.000000 -2769679720198197698374702930591744.000000
9240048.000000 -2776791845246100693863285689155584.000000
9271584.000000 -2784075714031728942362910540169216.000000
9303120.000000 -2791530141306842898235843508436992.000000
9334656.000000 -2799153917760650350788885310603264.000000
9366192.000000 -2806945810222135501420588448088064.000000
9397728.000000 -2814904561865401201120764294594560.000000
9429264.000000 -2823028892417999560509931130978304.000000
9460800.000000 -2831317498372200780333252729634816.000000
9492336.000000 -2839769053199170802910600013807616.000000
9523872.000000 -2848382207566032996730386744606720.000000
9555408.000000 -2857155589555741816593141307801600.000000
9586944.000000 -2866087804889775356833842241470464.000000
9618480.000000 -2875177437153578198793493397110784.000000
9650016.000000 -2884423048024721694277057439072256.000000
9681552.000000 -2893823177503766697018187793301504.000000
9713088.000000 -2903376344147746884723931959263232.000000
9744624.000000 -2913081045306285930296709163778048.000000
9776160.000000 -2922935757360266088345982967218176.000000
9807696.000000 -2932938935963033785470821236473856.000000
9839232.000000 -2943089016284105897285948369010688.000000
9870768.000000 -2953384413255309842744022570893312.000000
9902304.000000 -2963823521819360954518652009316352.000000
9933840.000000 -2974404717180799879707341180895232.000000
9965376.000000 -2985126355059260034895247717695488.000000
9996912.000000 -2995986771945055892207712776224768.000000
10028448.000000 -3006984285357003321395710282170368.000000
10059984.000000 -3018117194102460458739168962412544.000000
10091520.000000 -3029383778539563738495065813680128.000000
10123056.000000 -3040782300841569735473683977207808.000000
10154592.000000 -3052311005263320112565604122099712.000000
10186128.000000 -3063968118409748392253354554687488.000000
10217664.000000 -3075751849506404917216875613519872.000000
10249200.000000 -3087660390671961953623146324033536.000000
10280736.000000 -3099691917192641291024742970556416.000000
10312272.000000 -3111844587798551656730778910326784.000000
10343808.000000 -3124116544941865616438444611862528.000000
10375344.000000 -3136505915076814632077312691011584.000000
10406880.000000 -3149010808941450395398700636569600.000000
10438416.000000 -3161629321841150531801503695372288.000000
10469952.000000 -3174359533933790275732184651268096.000000
10501488.000000 -3187199510516587035187948139053056.000000
10533024.000000 -3200147302314527340984987855880192.000000
10564560.000000 -3213200945770385404163843524919296.000000
10596096.000000 -3226358463336246812419022097743872.000000
10627632.000000 -3239617863766519495269561789317120.000000
10659168.000000 -3252977142412391029257125402509312.000000
10690704.000000 -3266434281517691930918961702502400.000000
10722240.000000 -3279987250516094609323953823416320.000000
10753776.000000 -3293634006329664119072819203014656.000000
10785312.000000 -3307372493668659833130807946379264.000000
10816848.000000 -3321200645332578812120862763778048.000000
10848384.000000 -3335116382512401094285331546505216.000000
10879920.000000 -3349117615093979260041002238345216.000000
10911456.000000 -3363202241962536530560817190404096.000000
10942992.000000 -3377368151308249765491422558945280.000000
10974528.000000 -3391613220932839537604991784058880.000000
11006064.000000 -3405935318557171319610589273128960.000000
11037600.000000 -3420332302129778431708467258458112.000000
11069136.000000 -3434802020136310208651809649590272.000000
11100672.000000 -3449342311909827564114361918160896.000000
11132208.000000 -3463951007941934999609653250228224.000000
11163744.000000 -3478625930194683917896800679231488.000000
11195280.000000 -3493364892413215535531518511284224.000000
11226816.000000 -3508165700439115147985470175051776.000000
11258352.000000 -3523026152524405689739924568276992.000000
11289888.000000 -3537944039646176554128450776989696.000000
11321424.000000 -3552917145821773885952356329193472.000000
11352960.000000 -3567943248424539088271566004289536.000000
11384496.000000 -3583020118500032709148940125077504.000000
11416032.000000 -3598145521082713155928160250888192.000000
11447568.000000 -3613317215513035072939291763015680.000000
11479104.000000 -3628532955754916077625068337758208.000000
11510640.000000 -3643790490713536690982007798235136.000000
11542176.000000 -3659087564553432533602945801912320.000000
11573712.000000 -3674421917016835552764564607074304.000000
11605248.000000 -3689791283742238916286815567609856.000000
11636784.000000 -3705193396583114092030949731598336.000000
11668320.000000 -3720625983926777807193147330002944.000000
11699856.000000 -3736086771013340865024974351499264.000000
11731392.000000 -3751573480254716913472078673346560.000000
11762928.000000 -3767083831553628907969876978565120.000000
11794464.000000 -3782615542622613844856984762843136.000000
11826000.000000 -3798166329302930072921507062874112.000000
11857536.000000 -3813733905883391394431786649911296.000000
11889072.000000 -3829315985419028804402213499699200.000000
11920608.000000 -3844910280049581597476352449052672.000000
11952144.000000 -3860514501317775184331718585745408.000000
11983680.000000 -3876126360487311830629905533501440.000000
12015216.000000 -3891743568860590459413131127947264.000000
12046752.000000 -3907363838096063859687584239190016.000000
12078288.000000 -3922984880525236759958086561562624.000000
12109824.000000 -3938604409469237897266802173411328.000000
12141360.000000 -3954220139554945329148911943680000.000000
12172896.000000 -3969829787030616565802059297718272.000000
12204432.000000 -3985431070080991817128190654021632.000000
12235968.000000 -4001021709141836919924156933341184.000000
12267504.000000 -4016599427213866569763588887543808.000000
12299040.000000 -4032161950176045551727037034528768.000000
12330576.000000 -4047707007098199947611604395229184.000000
12362112.000000 -4063232330552919296415246019723264.000000
12393648.000000 -4078735656926700708931789511458816.000000
12425184.000000 -4094214726730306113419061378416640.000000
12456720.000000 -4109667284908307268067017860579328.000000
12488256.000000 -4125091081147748788514851519463424.000000
12519792.000000 -4140483870185925731652559769174016.000000
12551328.000000 -4155843412117233654072057199067136.000000
12582864.000000 -4171167472699032346171096738824192.000000
12614400.000000 -4186453823656526700674513486479360.000000
12645936.000000 -4201700242986588046292734844076032.000000
12677472.000000 -4216904515260514793596052354105344.000000
12709008.000000 -4232064431925671864725663377260544.000000
12740544.000000 -4247177791605996801265684239613952.000000
12772080.000000 -4262242400401320092347675237679104.000000
12803616.000000 -4277256072185468594107053116489728.000000
12835152.000000 -4292216628903131864365060400873472.000000
12866688.000000 -4307121900865430884157299720454144.000000
12898224.000000 -4321969727044189166108833128382464.000000
12929760.000000 -4336757955364835344983313092706304.000000
12961296.000000 -4351484442997944167935172801462272.000000
12992832.000000 -4366147056649344403331590156976128.000000
13024368.000000 -4380743672848775797860904053243904.000000
13055904.000000 -4395272178237091623162969115852800.000000
13087440.000000 -4409730469851908237192805019025408.000000
13118976.000000 -4424116455411740283187944709160960.000000
13150512.000000 -4438428053598533904205131414503424.000000
13182048.000000 -4452663194338612961205924329947136.000000
13213584.000000 -4466819819081957550185890497691648.000000
13245120.000000 -4480895881079824041719419738521600.000000
13276656.000000 -4494889345660662255442235270103040.000000
13308192.000000 -4508798190504286534915177255534592.000000
13339728.000000 -4522620405914284005507442482872320.000000
13371264.000000 -4536353995088628886418655790759936.000000
13402800.000000 -4549996974388459622283350483402752.000000
13434336.000000 -4563547373605017681436353128038400.000000
13465872.000000 -4577003236224671928019768683003904.000000
13497408.000000 -4590362619692045285293382755680256.000000
13528944.000000 -4603623595671188926377012165083136.000000
13560480.000000 -4616784250304778628151702458466304.000000
13592016.000000 -4629842684471305618203661817610240.000000
13623552.000000 -4642797014040241162223848431550464.000000
13655088.000000 -4655645370125123586856256331055104.000000
13686624.000000 -4668385899334578114288441146474496.000000
13718160.000000 -4681016764021193415764981737062400.000000
13749696.000000 -4693536142528268142621180670509056.000000
13781232.000000 -4705942229434381894437571582230528.000000
13812768.000000 -4718233235795761224816865939816448.000000
13844304.000000 -4730407389386417626353247075696640.000000
13875840.000000 -4742462934936035012824671654510592.000000
13907376.000000 -4754398134365577875570563404005376.000000
13938912.000000 -4766211267020580338262990173241344.000000
13970448.000000 -4777900629902117839453581228376064.000000
14001984.000000 -4789464537895412443732238995030016.000000
14033520.000000 -4800901323996046993685296200024064.000000
14065056.000000 -4812209339533784643888604591947776.000000
14096592.000000 -4823386954393938436703334111903744.000000
14128128.000000 -4834432557236298413864262458933248.000000
14159664.000000 -4845344555711550547334792459845632.000000
14191200.000000 -4856121376675222077073835448860672.000000
14222736.000000 -4866761466399060445533439805882368.000000
14254272.000000 -4877263290779874651924779824578560.000000
14285808.000000 -4887625335545806744450375918551040.000000
14317344.000000 -4897846106459974075045058912976896.000000
14348880.000000 -4907924129521517480731568930553856.000000
14380416.000000 -4917857951163975840006970999308288.000000
14411952.000000 -4927646138451014097915245643169792.000000
14443488.000000 -4937287279269438466819539561611264.000000
14475024.000000 -4946779982519513214392883983941632.000000
14506560.000000 -4956122878302542145339233279148032.000000
14538096.000000 -4965314618105680189199685615878144.000000
14569632.000000 -4974353874983984894076674830761984.000000
14601168.000000 -4983239343739666897562719962005504.000000
14632704.000000 -4991969741098504210767841939423232.000000
14664240.000000 -5000543805883447409101005691813888.000000
14695776.000000 -5008960299185348283897568171130880.000000
14727312.000000 -5017218004530813684274989203718144.000000
14758848.000000 -5025315728047163796629722245365760.000000
14790384.000000 -5033252298624479297334972847751168.000000
14821920.000000 -5041026568074710284983966575362048.000000
14853456.000000 -5048637411287833157120671090737152.000000
14884992.000000 -5056083726385032373027880271085568.000000
14916528.000000 -5063364434868904220268898839166976.000000
14948064.000000 -5070478481770643385651670875635712.000000
14979600.000000 -5077424835794216942301370640236544.000000
15011136.000000 -5084202489457488859353308282748928.000000
15042672.000000 -5090810459230293304883893533409280.000000
15074208.000000 -5097247785669434260110317539295232.000000
15105744.000000 -5103513533550588962889613013155840.000000
15137280.000000 -5109606791997119215742358818652160.000000
15168816.000000 -5115526674605755394295138483175424.000000
15200352.000000 -5121272319569142203387458873196544.000000
15231888.000000 -5126842889795236957471092177371136.000000
15263424.000000 -5132237573023545397322281308389376.000000
15294960.000000 -5137455581938177749244239620866048.000000
15326496.000000 -5142496154277701968329852808331264.000000
15358032.000000 -5147358552941806271460381351215104.000000
15389568.000000 -5152042066094736948855777613840384.000000
15421104.000000 -5156546007265489548668030060331008.000000
15452640.000000 -5160869715444770728440103692140544.000000
15484176.000000 -5165012555178700797471356929179648.000000
15515712.000000 -5168973916659229856434076673638400.000000
15547248.000000 -5172753215811295204357242120830976.000000
15578784.000000 -5176349894376665249206048491831296.000000
15610320.000000 -5179763419994497015712548948803584.000000
15641856.000000 -5182993286278554216068202778066944.000000
15673392.000000 -5186039012891125659270238777114624.000000
15704928.000000 -5188900145613591541193374234050560.000000
15736464.000000 -5191576256413647991680430961065984.000000
15768000.000000 -5194066943509172584829279279251456.000000
15799536.000000 -5196371831428736000622880685555712.000000
15831072.000000 -5198490571068718332728263355400192.000000
15862608.000000 -5200422839747076159324614754828288.000000
15894144.000000 -5202168341253680825376673489747968.000000
15925680.000000 -5203726805897290770575421465427968.000000
15957216.000000 -5205097990549098527488589103628288.000000
15988752.000000 -5206281678682868530822038113222656.000000
16020288.000000 -5207277680411662279027507993772032.000000
16051824.000000 -5208085832521122025219111100874752.000000
16083360.000000 -5208705998499338361671677623926784.000000
16114896.000000 -5209138068563261345648289236647936.000000
16146432.000000 -5209381959681680530830102771007488.000000
16177968.000000 -5209437615594747387153857957068800.000000
16209504.000000 -5209305006830049332429106083528704.000000
16241040.000000 -5208984130715212317305067442012160.000000
16272576.000000 -5208475011387053869095705085214720.000000
16304112.000000 -5207777699797255465582390514024448.000000
16335648.000000 -5206892273714570379695225789480960.000000
16367184.000000 -5205818837723564689230012855877632.000000
16398720.000000 -5204557523219855711034227262750720.000000
16430256.000000 -5203108488401902046972712807563264.000000
16461792.000000 -5201471918259281830990343722500096.000000
16493328.000000 -5199648024557513364582370927181824.000000
16524864.000000 -5197637045819366259204745039183872.000000
16556400.000000 -5195439247302704590798581988851712.000000
16587936.000000 -5193054920974829784626642246696960.000000
16619472.000000 -5190484385483341100705145069502464.000000
16651008.000000 -5187727986123508531684147034324992.000000
16682544.000000 -5184786094802155230872723343278080.000000
16714080.000000 -5181659109998051199791208809365504.000000
16745616.000000 -5178347456718823999858021557600256.000000
16777152.000000 -5174851586454384182368060227715072.000000
16808688.000000 -5171171977126865436762674678464512.000000
16840224.000000 -5167309133037085221798733227753472.000000
16871760.000000 -5163263584807521267930768001204224.000000
16903296.000000 -5159035889321818938885758278172672.000000
16934832.000000 -5154626629660824264283781104402432.000000
16966368.000000 -5150036415035143219765281474740224.000000
16997904.000000 -5145265880714234172153989726994432.000000
17029440.000000 -5140315687952053089321064463335424.000000
17060976.000000 -5135186523909219809409084310945792.000000
17092512.000000 -5129879101571750909815320492376064.000000
17124048.000000 -5124394159666330929357427337854976.000000
17155584.000000 -5118732462572164025256468889468928.000000
17187120.000000 -5112894800229366289145372660989952.000000
17218656.000000 -5106881988043940227276976399843328.000000
17250192.000000 -5100694866789338898921447795720192.000000
17281728.000000 -5094334302504593772219223481778176.000000
17313264.000000 -5087801186389052990810403905732608.000000
17344800.000000 -5081096434693717369104053395521536.000000
17376336.000000 -5074220988609179304334176150355968.000000
17407872.000000 -5067175814150185357989451080400896.000000
17439408.000000 -5059961902036827118302743922475008.000000
17470944.000000 -5052580267572368414250928879697920.000000
17502480.000000 -5045031950517712339829533605625856.000000
17534016.000000 -5037318014962538641022079614320640.000000
17565552.000000 -5029439549193093018720044406800384.000000
17597088.000000 -5021397665556671005689115767209984.000000
17628624.000000 -5013193500322779123759169126006784.000000
17660160.000000 -5004828213541002720736335464759296.000000
17691696.000000 -4996302988895591439791453527605248.000000
17723232.000000 -4987619033556763474246410946215936.000000
17754768.000000 -4978777578028750513266961808359424.000000
17786304.000000 -4969779875994612201499635841236992.000000
17817840.000000 -4960627204157784948546848700760064.000000
17849376.000000 -4951320862080444063403278935785472.000000
17880912.000000 -4941862172018637132218593477394432.000000
17912448.000000 -4932252478754248014844008905834496.000000
17943984.000000 -4922493149423762637125073323950080.000000
17975520.000000 -4912585573343893648555146876026880.000000
18007056.000000 -4902531161834066251132590125744128.000000
18038592.000000 -4892331348035754246667366528188416.000000
18070128.000000 -4881987586728727407376803158818816.000000
18101664.000000 -4871501354144202675780729754877952.000000
18133200.000000 -4860874147774915911257812868530176.000000
18164736.000000 -4850107486182138971075434178936832.000000
18196272.000000 -4839202908799655384490415942008832.000000
18227808.000000 -4828161975734733819251750210633728.000000
18259344.000000 -4816986267566070517467716654202880.000000
18290880.000000 -4805677385138786593489482187538432.000000
18322416.000000 -4794236949356434653411750438764544.000000
18353952.000000 -4782666600970088523166755894329344.000000
18385488.000000 -4770968000364497638467529011625984.000000
18417024.000000 -4759142827341356825146635000479744.000000
18448560.000000 -4747192780899684552361358632419328.000000
18480096.000000 -4735119579013368457662070026928128.000000
18511632.000000 -4722924958405856238415183884582912.000000
18543168.000000 -4710610674322057049645722453934080.000000
18574704.000000 -4698178500297439573241426949963776.000000
18606240.000000 -4685630227924385557515152373317632.000000
18637776.000000 -4672967666615797097743288820039680.000000
18669312.000000 -4660192643365986480717824452984832.000000
18700848.000000 -4647307002508882028035683733471232.000000
18732384.000000 -4634312605473572420094680746688512.000000
18763920.000000 -4621211330537210829843922847531008.000000
18795456.000000 -4608005072575309418708536708300800.000000
18826992.000000 -4594695742809438606207524353867776.000000
18858528.000000 -4581285268552381841810951885553664.000000
18890064.000000 -4567775592950753373026250838245376.000000
18921600.000000 -4554168674725108409211999645335552.000000
18953136.000000 -4540466487907578539382066506629120.000000
18984672.000000 -4526671021577066415184499561201664.000000
19016208.000000 -4512784279592015263495476557643776.000000
19047744.000000 -4498808280320788392734204530524160.000000
19079280.000000 -4484745056369693280543907688480768.000000
19110816.000000 -4470596654308667536661472616644608.000000
19142352.000000 -4456365134394682081207971922051072.000000
19173888.000000 -4442052570292853467949534074109952.000000
19205424.000000 -4427661048795330492593569726988288.000000
19236960.000000 -4413192669537975262246685143728128.000000
19268496.000000 -4398649544714865819689640983003136.000000
19300032.000000 -4384033798790658945339760777887744.000000
19331568.000000 -4369347568210837348252385850425344.000000
19363104.000000 -4354593001109887939482313239298048.000000
19394640.000000 -4339772257017437704999822598078464.000000
19426176.000000 -4324887506562363319062356559921152.000000
19457712.000000 -4309940931174955202547177047982080.000000
19489248.000000 -4294934722787103167982116236427264.000000
19520784.000000 -4279871083530616637581873633034240.000000
19552320.000000 -4264752225433636776194188830048256.000000
19583856.000000 -4249580370115241419787543022403584.000000
19615392.000000 -4234357748478232423186847831687168.000000
19646928.000000 -4219086600400172296504388632969216.000000
19678464.000000 -4203769174422689153470848397475840.000000
19710000.000000 -4188407727439089170997568683900928.000000
19741536.000000 -4173004524380323829751736659083264.000000
19773072.000000 -4157561837899347676311140960305152.000000
19804608.000000 -4142081948053879865495799377952768.000000
19836144.000000 -4126567141987655375528551568637952.000000
19867680.000000 -4111019713610157249113332247429120.000000
19899216.000000 -4095441963274901341564410483703808.000000
19930752.000000 -4079836197456288563966154989633536.000000
19962288.000000 -4064204728425100137721877149777920.000000
19993824.000000 -4048549873922623754815953419894784.000000
20025360.000000 -4032873956833507489195614070112256.000000
20056896.000000 -4017179304857333965282618327957504.000000
20088432.000000 -4001468250178994911659386097106944.000000
20119968.000000 -3985743129137877052683880016904192.000000
20151504.000000 -3970006281895917560569220508418048.000000
20183040.000000 -3954260052104579796474236508307456.000000
20214576.000000 -3938506786570752222908713407610880.000000
20246112.000000 -3922748834921679438535523542499328.000000
20277648.000000 -3906988549268888441881491817889792.000000
20309184.000000 -3891228283871230604254227879428096.000000
20340720.000000 -3875470394797019175738594214019072.000000
20372256.000000 -3859717239585360899061454064320512.000000
20403792.000000 -3843971176906673660874166909272064.000000
20435328.000000 -3828234566222477226026429327605760.000000
20466864.000000 -3812509767444480689722305684701184.000000
20498400.000000 -3796799140593022564251422074863616.000000
20529936.000000 -3781105045454883676421654138847232.000000
20561472.000000 -3765429841240561074188411180417024.000000
20593008.000000 -3749775886241013318774058043572224.000000
20624544.000000 -3734145537483932502509695879086080.000000
20656080.000000 -3718541150389596603249266018746368.000000
20687616.000000 -3702965078426354056823684265410560.000000
20719152.000000 -3687419672765753229671556274192384.000000
20750688.000000 -3671907281937419978121136337584128.000000
20782224.000000 -3656430251483671765108483506044928.000000
20813760.000000 -3640990923613959415130678984966144.000000
20845296.000000 -3625591636859167059853976889458688.000000
20876832.000000 -3610234725725815814776320327417856.000000
20908368.000000 -3594922520350223644872682422403072.000000
20939904.000000 -3579657346152679065298462618681344.000000
20971440.000000 -3564441523491651735581030405373952.000000
21002976.000000 -3549277367318121804726243545841664.000000
21034512.000000 -3534167186830053947973794466365440.000000
21066048.000000 -3519113285127069129590596719083520.000000
21097584.000000 -3504117958865374043620451075227648.000000
21129120.000000 -3489183497912985126078138667761664.000000
21160656.000000 -3474312185005304784663171525771264.000000
21192192.000000 -3459506295401095962853384774483968.000000
21223728.000000 -3444768096538911531532096236421120.000000
21255264.000000 -3430099847694014825176228549361664.000000
21286800.000000 -3415503799635865109581688639324160.000000
21318336.000000 -3400982194286188157252335168389120.000000
21349872.000000 -3386537264377717246643874864037888.000000
21381408.000000 -3372171233113617267399238405324800.000000
21412944.000000 -3357886313827678400688281379405824.000000
21444480.000000 -3343684709645313962296948513832960.000000
21476016.000000 -3329568613145403913640067031105536.000000
21507552.000000 -3315540206023057251213311660261376.000000
21539088.000000 -3301601658753331320893993331458048.000000
21570624.000000 -3287755130255952444568598917152768.000000
21602160.000000 -3274002767561115104827890678628352.000000
21633696.000000 -3260346705476379863855896037687296.000000
21665232.000000 -3246789066254748991635853242531840.000000
21696768.000000 -3233331959263943438363957368193024.000000
21728304.000000 -3219977480656973961252027502690304.000000
21759840.000000 -3206727713044001794033076691533824.000000
21791376.000000 -3193584725165601269016483808149504.000000
21822912.000000 -3180550571567428426918033474191360.000000
21854448.000000 -3167627292276370554362623474794496.000000
21885984.000000 -3154816912478227954066594673459200.000000
21917520.000000 -3142121442196971182256106183327744.000000
21949056.000000 -3129542875975637740465061474861056.000000
21980592.000000 -3117083192558902809357723625324544.000000
22012128.000000 -3104744354577388588180277693513728.000000
22043664.000000 -3092528308233770462377322865491968.000000
22075200.000000 -3080436982990714010557680273326080.000000
22106736.000000 -3068472291260698767502489918898176.000000
22138272.000000 -3056636128097799647888130023882752.000000
22169808.000000 -3044930370891446206850289425711104.000000
22201344.000000 -3033356879062243324198277015928832.000000
22232880.000000 -3021917493759872911945146537345024.000000
22264416.000000 -3010614037563166573030996074037248.000000
22295952.000000 -2999448314182345176014176110247936.000000
22327488.000000 -2988422108163542943723876056563712.000000
22359024.000000 -2977537184595621820481612277612544.000000
22390560.000000 -2966795288819323387673306502004736.000000
22422096.000000 -2956198146138844796784800128040960.000000
22453632.000000 -2945747461535862931252401168973824.000000
22485168.000000 -2935444919386057525674666539089920.000000
22516704.000000 -2925292183178192041382154629808128.000000
22548240.000000 -2915290895235804179832855483908096.000000
22579776.000000 -2905442676441542927321445986992128.000000
22611312.000000 -2895749125964217271067380363034624.000000
22642848.000000 -2886211820988590597866201876004864.000000
22674384.000000 -2876832316447988221212095238111232.000000
22705920.000000 -2867612144759746283468542592417792.000000
22737456.000000 -2858552815563570631916607177228288.000000
22768992.000000 -2849655815462838526943725967376384.000000
22800528.000000 -2840922607768903134291250848464896.000000
22832064.000000 -2832354632248434812545124226039808.000000
22863600.000000 -2823953304873874135767488514752512.000000
22895136.000000 -2815720017576996074808477204086784.000000
22926672.000000 -2807656138005696594223382061383680.000000
22958208.000000 -2799763009283983218051122762612736.000000
22989744.000000 -2792041949775271021546424353423360.000000
23021280.000000 -2784494252848994425159244002099200.000000
23052816.000000 -2777121186650584942846897442258944.000000
23084352.000000 -2769923993874886942312923033239552.000000
23115888.000000 -2762903891543021793466224899784704.000000
23147424.000000 -2756062070782767851008514651586560.000000
23178960.000000 -2749399696612497199863465225748480.000000
23210496.000000 -2742917907728694527720678202802176.000000
23242032.000000 -2736617816297139982121291682414592.000000
23273568.000000 -2730500507747752553320714898243584.000000
23305104.000000 -2724567040573182181423591995736064.000000
23336640.000000 -2718818446131151164251747276292096.000000
23368176.000000 -2713255728450626146911186690506752.000000
23399712.000000 -2707879864041828187047935524995072.000000
23431248.000000 -2702691801710144882936217962807296.000000
23462784.000000 -2697692462373973963897345992032256.000000
23494320.000000 -2692882738886545036370254239891456.000000
23525856.000000 -2688263495861748885132048206921728.000000
23557392.000000 -2683835569504028516979282423054336.000000
23588928.000000 -2679599767442356158221565269377024.000000
23620464.000000 -2675556868568344628690683953152000.000000
23652000.000000 -2671707622878524797606626324381696.000000
23683536.000000 -2668052751320825438327894649602048.000000
23715072.000000 -2664592945645298140081781796241408.000000
23746608.000000 -2661328868259122440780500336377856.000000
23778144.000000 -2658261152085907898284981369176064.000000
23809680.000000 -2655390400429369769396399417327616.000000
23841216.000000 -2652717186841361579213606598213632.000000
23872752.000000 -2650242054994332026764495570337792.000000
23904288.000000 -2647965518558239085174172550168576.000000
23935824.000000 -2645888061081933402045738771283968.000000
23967360.000000 -2644010135879053658149350839156736.000000
23998896.000000 -2642332165918471930829212007530496.000000
24030432.000000 -2640854543719315002862348030443520.000000
24061968.000000 -2639577631250573145984213658370048.000000
24093504.000000 -2638501759835364977910653885874176.000000
24125040.000000 -2637627230059853781170201523388416.000000
24156576.000000 -2636954311686835459873041712939008.000000
24188112.000000 -2636483243574077109539708956835840.000000
24219648.000000 -2636214233597375647569644577882112.000000
24251184.000000 -2636147458578383774131303491829760.000000
24282720.000000 -2636283064217241886344214621454336.000000
24314256.000000 -2636621165030019980978261076213760.000000
24345792.000000 -2637161844290998945168547572088832.000000
24377328.000000 -2637905153979832740320020938096640.000000
24408864.000000 -2638851114733560350321219324608512.000000
24440400.000000 -2639999715803572986384821639970816.000000
24471936.000000 -2641350915017463914460206984069120.000000
24503472.000000 -2642904638745865244614190998487040.000000
24535008.000000 -2644660781874216918608470308028416.000000
24566544.000000 -2646619207779548023718345229467648.000000
24598080.000000 -2648779748312240456833600969506816.000000
24629616.000000 -2651142203782823361544740799512576.000000
24661152.000000 -2653706342953797185293066600185856.000000
24692688.000000 -2656471903036511567936203519950848.000000
24724224.000000 -2659438589693090144200041105981440.000000
24755760.000000 -2662606077043464517778339677601792.000000
24787296.000000 -2665974007677461490387028509982720.000000
24818832.000000 -2669541992672010415220463025258496.000000
24850368.000000 -2673309611613457992673090315747328.000000
24881904.000000 -2677276412625010107992101315674112.000000
24913440.000000 -2681441912399288605185271249502208.000000
24944976.000000 -2685805596236042772975897293094912.000000
24976512.000000 -2690366918084993637296245917614080.000000
25008048.000000 -2695125300593831236445840535977984.000000
25039584.000000 -2700080135161381596276406251159552.000000
25071120.000000 -2705230781995916311748113445421056.000000
25102656.000000 -2710576570178640475423763022741504.000000
25134192.000000 -2716116797732338200313830381191168.000000
25165728.000000 -2721850731695205136570735589851136.000000
25197264.000000 -2727777608199821865172155496398848.000000
25228800.000000 -2733896632557326967590112714555392.000000
25260336.000000 -2740206979346740772281895700398080.000000
25291872.000000 -2746707792509466295197415875018752.000000
25323408.000000 -2753398185448944315872909656588288.000000
25354944.000000 -2760277241135471812483022256603136.000000
25386480.000000 -2767344012216188943998043971125248.000000
25418016.000000 -2774597521130190191968371603406848.000000
25449552.000000 -2782036760228803472953370078085120.000000
25481088.000000 -2789660691900986493048431545679872.000000
25512624.000000 -2797468248703862250018819507486720.000000
25544160.000000 -2805458333498360248316664362303488.000000
25575696.000000 -2813629819589974379735404140036096.000000
25607232.000000 -2821981550874603458517284520198144.000000
25638768.000000 -2830512341989491704736487238008832.000000
25670304.000000 -2839220978469213835725665749434368.000000
25701840.000000 -2848106216906738200269521753735168.000000
25733376.000000 -2857166785119513191793953748287488.000000
25764912.000000 -2866401382320578093472282222526464.000000
25796448.000000 -2875808679294685096651248512270336.000000
25827984.000000 -2885387318579403669559172143251456.000000
25859520.000000 -2895135914651185947248431437185024.000000
25891056.000000 -2905053054116387954625496649564160.000000
25922592.000000 -2915137295907213804305634344042496.000000
25954128.000000 -2925387171482556928558429349347328.000000
25985664.000000 -2935801185033725663207573623406592.000000
26017200.000000 -2946377813695022054604297639821312.000000
26048736.000000 -2957115507759153137087361373437952.000000
26080272.000000 -2968012690897436634519952859070464.000000
26111808.000000 -2979067760384797627138980502831104.000000
26143344.000000 -2990279087329497961180776500297728.000000
26174880.000000 -3001645016907593213136440630706176.000000
26206416.000000 -3013163868602072244698144760135680.000000
26237952.000000 -3024833936446660901652324344135680.000000
26269488.000000 -3036653489274244316320324959338496.000000
26301024.000000 -3048620770969875531744374872342528.000000
26332560.000000 -3060734000728356036100076060278784.000000
26364096.000000 -3072991373316333443563944857829376.000000
26395632.000000 -3085391059338872510618827170512896.000000
26427168.000000 -3097931205510493146728912916578304.000000
26458704.000000 -3110609934930613161623100927770624.000000
26490240.000000 -3123425347363351938169539248783360.000000
26521776.000000 -3136375519521692148537579318280192.000000
26553312.000000 -3149458505355902091780004752916480.000000
26584848.000000 -3162672336346233640815094623371264.000000
26616384.000000 -3176015021799813941381694136254464.000000
26647920.000000 -3189484549151697428243659123326976.000000
26679456.000000 -3203078884270049912066811470282752.000000
26710992.000000 -3216795971765397867521138287968256.000000
26742528.000000 -3230633735303897958669555159007232.000000
26774064.000000 -3244590077924599131527122895503360.000000
26805600.000000 -3258662882360632710186459824390144.000000
26837136.000000 -3272850011364271697512614651232256.000000
26868672.000000 -3287149308035848904113858440855552.000000
26900208.000000 -3301558596156424378045458064343040.000000
26931744.000000 -3316075680524211358618467967172608.000000
26963280.000000 -3330698347294659297221134855962624.000000
26994816.000000 -3345424364324169733801318560038912.000000
27026352.000000 -3360251481517386230013194118627328.000000
27057888.000000 -3375177431177983995591187952041984.000000
27089424.000000 -3390199928362925773227514518306816.000000
27120960.000000 -3405316671240130947564101540249600.000000
27152496.000000 -3420525341449465644578535255310336.000000
27184032.000000 -3435823604467030762933933551124480.000000
27215568.000000 -3451209109972688561835259734261760.000000
27247104.000000 -3466679492220720583692148495351808.000000
27278640.000000 -3482232370413636511253822386995200.000000
27310176.000000 -3497865349078983502959747620929536.000000
27341712.000000 -3513576018449177912014616714543104.000000
27373248.000000 -3529361954844215273999582130864128.000000
27404784.000000 -3545220721057270092234786980495360.000000
27436320.000000 -3561149866743068975821227493949440.000000
27467856.000000 -3577146928808984672433487652847616.000000
27499392.000000 -3593209431808813525914446257455104.000000
27530928.000000 -3609334888339111266688706587656192.000000
27562464.000000 -3625520799438087711455500960792576.000000
27594000.000000 -3641764654986938738942334164008960.000000
27625536.000000 -3658063934113576918848961431732224.000000
27657072.000000 -3674416105598676630711864668454912.000000
27688608.000000 -3690818628283979485378510395015168.000000
27720144.000000 -3707268951482767815371020870615040.000000
27751680.000000 -3723764515392460117279074116698112.000000
27783216.000000 -3740302751509228142011132046999552.000000
27814752.000000 -3756881083044597586494344677818368.000000
27846288.000000 -3773496925343936694338248050212864.000000
27877824.000000 -3790147686306748025731667260866560.000000
27909360.000000 -3806830766808733420613704823603200.000000
27940896.000000 -3823543561125514557125344463159296.000000
27972432.000000 -3840283457357944541737412357783552.000000
28003968.000000 -3857047837858966720037720770478080.000000
28035504.000000 -3873834079661890428047373495173120.000000
28067040.000000 -3890639554910056013950122553507840.000000
28098576.000000 -3907461631287788249603123043106816.000000
28130112.000000 -3924297672452566074235048209416192.000000
28161648.000000 -3941145038468330848130003778928640.000000
28193184.000000 -3958001086239861058703203625861120.000000
28224720.000000 -3974863169948121245248038224527360.000000
28256256.000000 -3991728641486526919818553241632768.000000
28287792.000000 -4008594850898028638840951293345792.000000
28319328.000000 -4025459146812948356006849670021120.000000
28350864.000000 -4042318876887479857953191604781056.000000
28382400.000000 -4059171388242771425301983999819776.000000
28413936.000000 -4076014027904538261131401998893056.000000
28445472.000000 -4092844143243072677365982922014720.000000
28477008.000000 -4109659082413627827734312818573312.000000
28508544.000000 -4126456194797055083457726526783488.000000
28540080.000000 -4143232831440627605762001738924032.000000
28571616.000000 -4159986345498971140088981503344640.000000
28603152.000000 -4176714092675025362728068807917568.000000
28634688.000000 -4193413431660933169853683235553280.000000
28666224.000000 -4210081724578801415814953956278272.000000
28697760.000000 -4226716337421242596339537418387456.000000
28729296.000000 -4243314640491598901862915853254656.000000
28760832.000000 -4259874008843803677044496926769152.000000
28792368.000000 -4276391822721758076791026211618816.000000
28823904.000000 -4292865467998176801927128206540800.000000
28855440.000000 -4309292336612784163598001397301248.000000
28886976.000000 -4325669827009814936004835388948480.000000
28918512.000000 -4341995344574717387459040099958784.000000
28950048.000000 -4358266302069974902946203021869056.000000
28981584.000000 -4374480120069983363977773471236096.000000
29013120.000000 -4390634227394868993580013149224960.000000
29044656.000000 -4406726061543213231696579410264064.000000
29076192.000000 -4422753069123546866884940721553408.000000
29107728.000000 -4438712706284585754190513749098496.000000
29139264.000000 -4454602439144080721372263013679104.000000
29170800.000000 -4470419744216245346452368001073152.000000
29202336.000000 -4486162108837630173538432545980416.000000
29233872.000000 -4501827031591410508655355194507264.000000
29265408.000000 -4517412022729978844504675198173184.000000
29296944.000000 -4532914604595772162400365425197056.000000
29328480.000000 -4548332312040245336425217461846016.000000
29360016.000000 -4563662692840921464517542493028352.000000
29391552.000000 -4578903308116437845522113179418624.000000
29423088.000000 -4594051732739502862474757927862272.000000
29454624.000000 -4609105555747681338233028165500928.000000
29486160.000000 -4624062380751953599681469792387072.000000
29517696.000000 -4638919826342935840664799645007872.000000
29549232.000000 -4653675526494713360945793483145216.000000
29580768.000000 -4668327130966190988703003131772928.000000
29612304.000000 -4682872305699892664199530974019584.000000
29643840.000000 -4697308733218134668264310046720000.000000
29675376.000000 -4711634113016488332316053438726144.000000
29706912.000000 -4725846161954467666325615008546816.000000
29738448.000000 -4739942614643356012064668211216384.000000
29769984.000000 -4753921223831106581575692747538432.000000
29801520.000000 -4767779760784233870514937342722048.000000
29833056.000000 -4781516015666639453214632918908928.000000
29864592.000000 -4795127797915270125911298455633920.000000
29896128.000000 -4808612936612571504651992119115776.000000
29927664.000000 -4821969280855631585560836133879808.000000
29959200.000000 -4835194700121972762291649550221312.000000
29990736.000000 -4848287084631900643407072663175168.000000
30022272.000000 -4861244345707347988383686616678400.000000
30053808.000000 -4874064416127148622178117906071552.000000
30085344.000000 -4886745250478664659074071423614976.000000
30116880.000000 -4899284825505708236813557097824256.000000
30148416.000000 -4911681140452677632967739950759936.000000
30179952.000000 -4923932217404860493765724692545536.000000
30211488.000000 -4936036101624815976886172429320192.000000
30243024.000000 -4947990861884798338262849762099200.000000
30274560.000000 -4959794590795129152722989425360896.000000
30306096.000000 -4971445405128472628059030494904320.000000
30337632.000000 -4982941446139953484154746305511424.000000
30369168.000000 -4994280879883039574964199116242944.000000
30400704.000000 -5005461897521152359855374104264704.000000
30432240.000000 -5016482715634915872901885656563712.000000
30463776.000000 -5027341576525016520006645395226624.000000
30495312.000000 -5038036748510593575812921760415744.000000
30526848.000000 -5048566526223103310788313112117248.000000
30558384.000000 -5058929230895620431454239234981888.000000
30589920.000000 -5069123210647499011559390284087296.000000
30621456.000000 -5079146840764350832562215021707264.000000
30652992.000000 -5088998523973281757964961092468736.000000
30684528.000000 -5098676690713341177560587669864448.000000
30716064.000000 -5108179799401114769841521759879168.000000
30747600.000000 -5117506336691446747512202879565824.000000
30779136.000000 -5126654817733188976091506101190656.000000
30810672.000000 -5135623786419982730212566496182272.000000
30842208.000000 -5144411815635984889124902555090944.000000
30873744.000000 -5153017507496509171900471108960256.000000
30905280.000000 -5161439493583547248237763243278336.000000
30936816.000000 -5169676435176095361426894062878720.000000
30968352.000000 -5177727023475270322574621811933184.000000
30999888.000000 -5185589979824163571082341344346112.000000
31031424.000000 -5193264055922391219742133794635776.000000
31062960.000000 -5200748034035286473600908230918144.000000
31094496.000000 -5208040727197735575514139896840192.000000
31126032.000000 -5215140979412567926972598011822080.000000
31157568.000000 -5222047665843491737290778578255872.000000
31189104.000000 -5228759693002554448569959272415232.000000
31220640.000000 -5235275998932050690695067760328704.000000
31252176.000000 -5241595553380876613443858831769600.000000
31283712.000000 -5247717357975297160984766753800192.000000
31315248.000000 -5253640446384080171903248569991168.000000
31346784.000000 -5259363884477973093405021601529856.000000
31378320.000000 -5264886770483500404187607620124672.000000
31409856.000000 -5270208235131041393727522453061632.000000
31441392.000000 -5275327441797181380454083379331072.000000
31472928.000000 -5280243586641282181499117795016704.000000
31504464.000000 -5284955898736282210316114609569792.000000
31536000.000000 -5289463640193661638564560389537792.000000