
    0.010000     5.960000
    0.020000     5.920050
    0.030000     5.880150
    0.040000     5.840300
    0.050000     5.800500
    0.060000     5.760750
    0.070000     5.721050
    0.080000     5.681400
    0.090000     5.641800
    0.100000     5.602250
    0.110000     5.562750
    0.120000     5.523300
    0.130000     5.483900
    0.140000     5.444550
    0.150000     5.405250
    0.160000     5.366000
    0.170000     5.326800
    0.180000     5.287650
    0.190000     5.248550
    0.200000     5.209500
    0.210000     5.170500
    0.220000     5.131550
    0.230000     5.092650
    0.240000     5.053800
    0.250000     5.015000
    0.260000     4.976250
    0.270000     4.937550
    0.280000     4.898900
    0.290000     4.860300
    0.300000     4.821750
    0.310000     4.783250
    0.320000     4.744800
    0.330000     4.706400
    0.340000     4.668050
    0.350000     4.629750
    0.360000     4.591500
    0.370000     4.553300
    0.380000     4.515150
    0.390000     4.477050
    0.400000     4.439000
    0.410000     4.401000
    0.420000     4.363050
    0.430000     4.325150
    0.440000     4.287300
    0.450000     4.249500
    0.460000     4.211750
    0.470000     4.174050
    0.480000     4.136400
    0.490000     4.098800
    0.500000     4.061250
    0.510000     4.023750
    0.520000     3.986300
    0.530000     3.948900
    0.540000     3.911550
    0.550000     3.874250
    0.560000     3.837000
    0.570000     3.799800
    0.580000     3.762650
    0.590000     3.725550
    0.600000     3.688500
    0.610000     3.651500
    0.620000     3.614550
    0.630000     3.577650
    0.640000     3.540800
    0.650000     3.504000
    0.660000     3.467250
    0.670000     3.430550
    0.680000     3.393900
    0.690000     3.357300
    0.700000     3.320750
    0.710000     3.284250
    0.720000     3.247800
    0.730000     3.211400
    0.740000     3.175050
    0.750000     3.138750
    0.760000     3.102500
    0.770000     3.066300
    0.780000     3.030150
    0.790000     2.994050
    0.800000     2.958000
    0.810000     2.922000
    0.820000     2.886050
    0.830000     2.850150
    0.840000     2.814300
    0.850000     2.778500
    0.860000     2.742750
    0.870000     2.707050
    0.880000     2.671400
    0.890000     2.635800
    0.900000     2.600250
    0.910000     2.564750
    0.920000     2.529300
    0.930000     2.493900
    0.940000     2.458550
    0.950000     2.423250
    0.960000     2.388000
    0.970000     2.352800
    0.980000     2.317650
    0.990000     2.282550
    1.000000     2.247500
    1.010000     2.212500
    1.020000     2.177550
    1.030000     2.142650
    1.040000     2.107800
    1.050000     2.073000
    1.060000     2.038250
    1.070000     2.003550
    1.080000     1.968900
    1.090000     1.934300
    1.100000     1.899750
    1.110000     1.865250
    1.120000     1.830800
    1.130000     1.796400
    1.140000     1.762050
    1.150000     1.727750
    1.160000     1.693500
    1.170000     1.659300
    1.180000     1.625150
    1.190000     1.591050
    1.200000     1.557000
    1.210000     1.523000
    1.220000     1.489050
    1.230000     1.455150
    1.240000     1.421300
    1.250000     1.387500
    1.260000     1.353750
    1.270000     1.320050
    1.280000     1.286400
    1.290000     1.252800
    1.300000     1.219250
    1.310000     1.185750
    1.320000     1.152300
    1.330000     1.118900
    1.340000     1.085550
    1.350000     1.052250
    1.360000     1.019000
    1.370000     0.985800
    1.380000     0.952650
    1.390000     0.919550
    1.400000     0.886500
    1.410000     0.853500
    1.420000     0.820550
    1.430000     0.787650
    1.440000     0.754800
    1.450000     0.722000
    1.460000     0.689250
    1.470000     0.656550
    1.480000     0.623900
    1.490000     0.591300
    1.500000     0.558750
    1.510000     0.526250
    1.520000     0.493800
    1.530000     0.461400
    1.540000     0.429050
    1.550000     0.396750
    1.560000     0.364500
    1.570000     0.332300
    1.580000     0.300150
    1.590000     0.268050
    1.600000     0.236000
    1.610000     0.204000
    1.620000     0.172050
    1.630000     0.140150
    1.640000     0.108300
    1.650000     0.076500
    1.660000     0.044750
    1.670000     0.013050
    1.680000    -0.018600
    1.690000    -0.050200
    1.700000    -0.081750
    1.710000    -0.113250
    1.720000    -0.144700
    1.730000    -0.176100
    1.740000    -0.207450
    1.750000    -0.238750
    1.760000    -0.270000
    1.770000    -0.301200
    1.780000    -0.332350
    1.790000    -0.363450
    1.800000    -0.394500
    1.810000    -0.425500
    1.820000    -0.456450
    1.830000    -0.487350
    1.840000    -0.518200
    1.850000    -0.549000
    1.860000    -0.579750
    1.870000    -0.610450
    1.880000    -0.641100
    1.890000    -0.671700
    1.900000    -0.702250
    1.910000    -0.732750
    1.920000    -0.763200
    1.930000    -0.793600
    1.940000    -0.823950
    1.950000    -0.854250
    1.960000    -0.884500
    1.970000    -0.914700
    1.980000    -0.944850
    1.990000    -0.974950
    2.000000    -1.005000
    2.010000    -1.035000
    2.020000    -1.064950
    2.030000    -1.094850
    2.040000    -1.124700
    2.050000    -1.154500
    2.060000    -1.184250
    2.070000    -1.213950
    2.080000    -1.243600
    2.090000    -1.273200
    2.100000    -1.302750
    2.110000    -1.332250
    2.120000    -1.361700
    2.130000    -1.391100
    2.140000    -1.420450
    2.150000    -1.449750
    2.160000    -1.479000
    2.170000    -1.508200
    2.180000    -1.537350
    2.190000    -1.566450
    2.200000    -1.595500
    2.210000    -1.624500
    2.220000    -1.653450
    2.230000    -1.682350
    2.240000    -1.711200
    2.250000    -1.740000
    2.260000    -1.768750
    2.270000    -1.797450
    2.280000    -1.826100
    2.290000    -1.854700
    2.300000    -1.883250
    2.310000    -1.911750
    2.320000    -1.940200
    2.330000    -1.968600
    2.340000    -1.996950
    2.350000    -2.025250
    2.360000    -2.053500
    2.370000    -2.081700
    2.380000    -2.109850
    2.390000    -2.137950
    2.400000    -2.166000
    2.410000    -2.194000
    2.420000    -2.221950
    2.430000    -2.249850
    2.440000    -2.277700
    2.450000    -2.305500
    2.460000    -2.333250
    2.470000    -2.360950
    2.480000    -2.388600
    2.490000    -2.416200
    2.500000    -2.443750
    2.510000    -2.471250
    2.520000    -2.498700
    2.530000    -2.526100
    2.540000    -2.553450
    2.550000    -2.580750
    2.560000    -2.608000
    2.570000    -2.635200
    2.580000    -2.662350
    2.590000    -2.689450
    2.600000    -2.716500
    2.610000    -2.743500
    2.620000    -2.770450
    2.630000    -2.797350
    2.640000    -2.824200
    2.650000    -2.851000
    2.660000    -2.877750
    2.670000    -2.904450
    2.680000    -2.931100
    2.690000    -2.957700
    2.700000    -2.984250
    2.710000    -3.010750
    2.720000    -3.037200
    2.730000    -3.063600
    2.740000    -3.089950
    2.750000    -3.116250
    2.760000    -3.142500
    2.770000    -3.168700
    2.780000    -3.194850
    2.790000    -3.220950
    2.800000    -3.247000
    2.810000    -3.273000
    2.820000    -3.298950
    2.830000    -3.324850
    2.840000    -3.350700
    2.850000    -3.376500
    2.860000    -3.402250
    2.870000    -3.427950
    2.880000    -3.453600
    2.890000    -3.479200
    2.900000    -3.504750
    2.910000    -3.530250
    2.920000    -3.555700
    2.930000    -3.581100
    2.940000    -3.606450
    2.950000    -3.631750
    2.960000    -3.657000
    2.970000    -3.682200
    2.980000    -3.707350
    2.990000    -3.732450
    3.000000    -3.757500
    3.010000    -3.782500
    3.020000    -3.807450
    3.030000    -3.832350
    3.040000    -3.857200
    3.050000    -3.882000
    3.060000    -3.906750
    3.070000    -3.931450
    3.080000    -3.956100
    3.090000    -3.980700
    3.100000    -4.005250
    3.110000    -4.029750
    3.120000    -4.054200
    3.130000    -4.078600
    3.140000    -4.102950
    3.150000    -4.127250
    3.160000    -4.151500
    3.170000    -4.175700
    3.180000    -4.199850
    3.190000    -4.223950
    3.200000    -4.248000
    3.210000    -4.272000
    3.220000    -4.295950
    3.230000    -4.319850
    3.240000    -4.343700
    3.250000    -4.367500
    3.260000    -4.391250
    3.270000    -4.414950
    3.280000    -4.438600
    3.290000    -4.462200
    3.300000    -4.485750
    3.310000    -4.509250
    3.320000    -4.532700
    3.330000    -4.556100
    3.340000    -4.579450
    3.350000    -4.602750
    3.360000    -4.626000
    3.370000    -4.649200
    3.380000    -4.672350
    3.390000    -4.695450
    3.400000    -4.718500
    3.410000    -4.741500
    3.420000    -4.764450
    3.430000    -4.787350
    3.440000    -4.810200
    3.450000    -4.833000
    3.460000    -4.855750
    3.470000    -4.878450
    3.480000    -4.901100
    3.490000    -4.923700
    3.500000    -4.946250
    3.510000    -4.968750
    3.520000    -4.991200
    3.530000    -5.013600
    3.540000    -5.035950
    3.550000    -5.058250
    3.560000    -5.080500
    3.570000    -5.102700
    3.580000    -5.124850
    3.590000    -5.146950
    3.600000    -5.169000
    3.610000    -5.191000
    3.620000    -5.212950
    3.630000    -5.234850
    3.640000    -5.256700
    3.650000    -5.278500
    3.660000    -5.300250
    3.670000    -5.321950
    3.680000    -5.343600
    3.690000    -5.365200
    3.700000    -5.386750
    3.710000    -5.408250
    3.720000    -5.429700
    3.730000    -5.451100
    3.740000    -5.472450
    3.750000    -5.493750
    3.760000    -5.515000
    3.770000    -5.536200
    3.780000    -5.557350
    3.790000    -5.578450
    3.800000    -5.599500
    3.810000    -5.620500
    3.820000    -5.641450
    3.830000    -5.662350
    3.840000    -5.683200
    3.850000    -5.704000
    3.860000    -5.724750
    3.870000    -5.745450
    3.880000    -5.766100
    3.890000    -5.786700
    3.900000    -5.807250
    3.910000    -5.827750
    3.920000    -5.848200
    3.930000    -5.868600
    3.940000    -5.888950
    3.950000    -5.909250
    3.960000    -5.929500
    3.970000    -5.949700
    3.980000    -5.969850
    3.990000    -5.989950
    4.000000    -6.010000
    4.010000    -6.030000
    4.020000    -6.049950
    4.030000    -6.069850
    4.040000    -6.089700
    4.050000    -6.109500
    4.060000    -6.129250
    4.070000    -6.148950
    4.080000    -6.168600
    4.090000    -6.188200
    4.100000    -6.207750
    4.110000    -6.227250
    4.120000    -6.246700
    4.130000    -6.266100
    4.140000    -6.285450
    4.150000    -6.304750
    4.160000    -6.324000
    4.170000    -6.343200
    4.180000    -6.362350
    4.190000    -6.381450
    4.200000    -6.400500
    4.210000    -6.419500
    4.220000    -6.438450
    4.230000    -6.457350
    4.240000    -6.476200
    4.250000    -6.495000
    4.260000    -6.513750
    4.270000    -6.532450
    4.280000    -6.551100
    4.290000    -6.569700
    4.300000    -6.588250
    4.310000    -6.606750
    4.320000    -6.625200
    4.330000    -6.643600
    4.340000    -6.661950
    4.350000    -6.680250
    4.360000    -6.698500
    4.370000    -6.716700
    4.380000    -6.734850
    4.390000    -6.752950
    4.400000    -6.771000
    4.410000    -6.789000
    4.420000    -6.806950
    4.430000    -6.824850
    4.440000    -6.842700
    4.450000    -6.860500
    4.460000    -6.878250
    4.470000    -6.895950
    4.480000    -6.913600
    4.490000    -6.931200
    4.500000    -6.948750
    4.510000    -6.966250
    4.520000    -6.983700
    4.530000    -7.001100
    4.540000    -7.018450
    4.550000    -7.035750
    4.560000    -7.053000
    4.570000    -7.070200
    4.580000    -7.087350
    4.590000    -7.104450
    4.600000    -7.121500
    4.610000    -7.138500
    4.620000    -7.155450
    4.630000    -7.172350
    4.640000    -7.189200
    4.650000    -7.206000
    4.660000    -7.222750
    4.670000    -7.239450
    4.680000    -7.256100
    4.690000    -7.272700
    4.700000    -7.289250
    4.710000    -7.305750
    4.720000    -7.322200
    4.730000    -7.338600
    4.740000    -7.354950
    4.750000    -7.371250
    4.760000    -7.387500
    4.770000    -7.403700
    4.780000    -7.419850
    4.790000    -7.435950
    4.800000    -7.452000
    4.810000    -7.468000
    4.820000    -7.483950
    4.830000    -7.499850
    4.840000    -7.515700
    4.850000    -7.531500
    4.860000    -7.547250
    4.870000    -7.562950
    4.880000    -7.578600
    4.890000    -7.594200
    4.900000    -7.609750
    4.910000    -7.625250
    4.920000    -7.640700
    4.930000    -7.656100
    4.940000    -7.671450
    4.950000    -7.686750
    4.960000    -7.702000
    4.970000    -7.717200
    4.980000    -7.732350
    4.990000    -7.747450
    5.000000    -7.762500
    5.010000    -7.777500
    5.020000    -7.792450
    5.030000    -7.807350
    5.040000    -7.822200
    5.050000    -7.837000
    5.060000    -7.851750
    5.070000    -7.866450
    5.080000    -7.881100
    5.090000    -7.895700
    5.100000    -7.910250
    5.110000    -7.924750
    5.120000    -7.939200
    5.130000    -7.953600
    5.140000    -7.967950
    5.150000    -7.982250
    5.160000    -7.996500
    5.170000    -8.010700
    5.180000    -8.024850
    5.190000    -8.038950
    5.200000    -8.053000
    5.210000    -8.067000
    5.220000    -8.080950
    5.230000    -8.094850
    5.240000    -8.108700
    5.250000    -8.122500
    5.260000    -8.136250
    5.270000    -8.149950
    5.280000    -8.163600
    5.290000    -8.177200
    5.300000    -8.190750
    5.310000    -8.204250
    5.320000    -8.217700
    5.330000    -8.231100
    5.340000    -8.244450
    5.350000    -8.257750
    5.360000    -8.271000
    5.370000    -8.284200
    5.380000    -8.297350
    5.390000    -8.310450
    5.400000    -8.323500
    5.410000    -8.336500
    5.420000    -8.349450
    5.430000    -8.362350
    5.440000    -8.375200
    5.450000    -8.388000
    5.460000    -8.400750
    5.470000    -8.413450
    5.480000    -8.426100
    5.490000    -8.438700
    5.500000    -8.451250
    5.510000    -8.463750
    5.520000    -8.476200
    5.530000    -8.488600
    5.540000    -8.500950
    5.550000    -8.513250
    5.560000    -8.525500
    5.570000    -8.537700
    5.580000    -8.549850
    5.590000    -8.561950
    5.600000    -8.574000
    5.610000    -8.586000
    5.620000    -8.597950
    5.630000    -8.609850
    5.640000    -8.621700
    5.650000    -8.633500
    5.660000    -8.645250
    5.670000    -8.656950
    5.680000    -8.668600
    5.690000    -8.680200
    5.700000    -8.691750
    5.710000    -8.703250
    5.720000    -8.714700
    5.730000    -8.726100
    5.740000    -8.737450
    5.750000    -8.748750
    5.760000    -8.760000
    5.770000    -8.771200
    5.780000    -8.782350
    5.790000    -8.793450
    5.800000    -8.804500
    5.810000    -8.815500
    5.820000    -8.826450
    5.830000    -8.837350
    5.840000    -8.848200
    5.850000    -8.859000
    5.860000    -8.869750
    5.870000    -8.880450
    5.880000    -8.891100
    5.890000    -8.901700
    5.900000    -8.912250
    5.910000    -8.922750
    5.920000    -8.933200
    5.930000    -8.943600
    5.940000    -8.953950
    5.950000    -8.964250
    5.960000    -8.974500
    5.970000    -8.984700
    5.980000    -8.994850
    5.990000    -9.004950
    6.000000    -9.015000
    6.010000    -9.025000
    6.020000    -9.034950
    6.030000    -9.044850
    6.040000    -9.054700
    6.050000    -9.064500
    6.060000    -9.074250
    6.070000    -9.083950
    6.080000    -9.093600
    6.090000    -9.103200
    6.100000    -9.112750
    6.110000    -9.122250
    6.120000    -9.131700
    6.130000    -9.141100
    6.140000    -9.150450
    6.150000    -9.159750
    6.160000    -9.169000
    6.170000    -9.178200
    6.180000    -9.187350
    6.190000    -9.196450
    6.200000    -9.205500
    6.210000    -9.214500
    6.220000    -9.223450
    6.230000    -9.232350
    6.240000    -9.241200
    6.250000    -9.250000
    6.260000    -9.258750
    6.270000    -9.267450
    6.280000    -9.276100
    6.290000    -9.284700
    6.300000    -9.293250
    6.310000    -9.301750
    6.320000    -9.310200
    6.330000    -9.318600
    6.340000    -9.326950
    6.350000    -9.335250
    6.360000    -9.343500
    6.370000    -9.351700
    6.380000    -9.359850
    6.390000    -9.367950
    6.400000    -9.376000
    6.410000    -9.384000
    6.420000    -9.391950
    6.430000    -9.399850
    6.440000    -9.407700
    6.450000    -9.415500
    6.460000    -9.423250
    6.470000    -9.430950
    6.480000    -9.438600
    6.490000    -9.446200
    6.500000    -9.453750
    6.510000    -9.461250
    6.520000    -9.468700
    6.530000    -9.476100
    6.540000    -9.483450
    6.550000    -9.490750
    6.560000    -9.498000
    6.570000    -9.505200
    6.580000    -9.512350
    6.590000    -9.519450
    6.600000    -9.526500
    6.610000    -9.533500
    6.620000    -9.540450
    6.630000    -9.547350
    6.640000    -9.554200
    6.650000    -9.561000
    6.660000    -9.567750
    6.670000    -9.574450
    6.680000    -9.581100
    6.690000    -9.587700
    6.700000    -9.594250
    6.710000    -9.600750
    6.720000    -9.607200
    6.730000    -9.613600
    6.740000    -9.619950
    6.750000    -9.626250
    6.760000    -9.632500
    6.770000    -9.638700
    6.780000    -9.644850
    6.790000    -9.650950
    6.800000    -9.657000
    6.810000    -9.663000
    6.820000    -9.668950
    6.830000    -9.674850
    6.840000    -9.680700
    6.850000    -9.686500
    6.860000    -9.692250
    6.870000    -9.697950
    6.880000    -9.703600
    6.890000    -9.709200
    6.900000    -9.714750
    6.910000    -9.720250
    6.920000    -9.725700
    6.930000    -9.731100
    6.940000    -9.736450
    6.950000    -9.741750
    6.960000    -9.747000
    6.970000    -9.752200
    6.980000    -9.757350
    6.990000    -9.762450
    7.000000    -9.767500
    7.010000    -9.772500
    7.020000    -9.777450
    7.030000    -9.782350
    7.040000    -9.787200
    7.050000    -9.792000
    7.060000    -9.796750
    7.070000    -9.801450
    7.080000    -9.806100
    7.090000    -9.810700
    7.100000    -9.815250
    7.110000    -9.819750
    7.120000    -9.824200
    7.130000    -9.828600
    7.140000    -9.832950
    7.150000    -9.837250
    7.160000    -9.841500
    7.170000    -9.845700
    7.180000    -9.849850
    7.190000    -9.853950
    7.200000    -9.858000
    7.210000    -9.862000
    7.220000    -9.865950
    7.230000    -9.869850
    7.240000    -9.873700
    7.250000    -9.877500
    7.260000    -9.881250
    7.270000    -9.884950
    7.280000    -9.888600
    7.290000    -9.892200
    7.300000    -9.895750
    7.310000    -9.899250
    7.320000    -9.902700
    7.330000    -9.906100
    7.340000    -9.909450
    7.350000    -9.912750
    7.360000    -9.916000
    7.370000    -9.919200
    7.380000    -9.922350
    7.390000    -9.925450
    7.400000    -9.928500
    7.410000    -9.931500
    7.420000    -9.934450
    7.430000    -9.937350
    7.440000    -9.940200
    7.450000    -9.943000
    7.460000    -9.945750
    7.470000    -9.948450
    7.480000    -9.951100
    7.490000    -9.953700
    7.500000    -9.956250
    7.510000    -9.958750
    7.520000    -9.961200
    7.530000    -9.963600
    7.540000    -9.965950
    7.550000    -9.968250
    7.560000    -9.970500
    7.570000    -9.972700
    7.580000    -9.974850
    7.590000    -9.976950
    7.600000    -9.979000
    7.610000    -9.981000
    7.620000    -9.982950
    7.630000    -9.984850
    7.640000    -9.986700
    7.650000    -9.988500
    7.660000    -9.990250
    7.670000    -9.991950
    7.680000    -9.993600
    7.690000    -9.995200
    7.700000    -9.996750
    7.710000    -9.998250
    7.720000    -9.999700
    7.730000   -10.001100
    7.740000   -10.002450
    7.750000   -10.003750
    7.760000   -10.005000
    7.770000   -10.006200
    7.780000   -10.007350
    7.790000   -10.008450
    7.800000   -10.009500
    7.810000   -10.010500
    7.820000   -10.011450
    7.830000   -10.012350
    7.840000   -10.013200
    7.850000   -10.014000
    7.860000   -10.014750
    7.870000   -10.015450
    7.880000   -10.016100
    7.890000   -10.016700
    7.900000   -10.017250
    7.910000   -10.017750
    7.920000   -10.018200
    7.930000   -10.018600
    7.940000   -10.018950
    7.950000   -10.019250
    7.960000   -10.019500
    7.970000   -10.019700
    7.980000   -10.019850
    7.990000   -10.019950
    8.000000   -10.020000
    8.010000   -10.020000
    8.020000   -10.019950
    8.030000   -10.019850
    8.040000   -10.019700
    8.050000   -10.019500
    8.060000   -10.019250
    8.070000   -10.018950
    8.080000   -10.018600
    8.090000   -10.018200
    8.100000   -10.017750
    8.110000   -10.017250
    8.120000   -10.016700
    8.130000   -10.016100
    8.140000   -10.015450
    8.150000   -10.014750
    8.160000   -10.014000
    8.170000   -10.013200
    8.180000   -10.012350
    8.190000   -10.011450
    8.200000   -10.010500
    8.210000   -10.009500
    8.220000   -10.008450
    8.230000   -10.007350
    8.240000   -10.006200
    8.250000   -10.005000
    8.260000   -10.003750
    8.270000   -10.002450
    8.280000   -10.001100
    8.290000    -9.999700
    8.300000    -9.998250
    8.310000    -9.996750
    8.320000    -9.995200
    8.330000    -9.993600
    8.340000    -9.991950
    8.350000    -9.990250
    8.360000    -9.988500
    8.370000    -9.986700
    8.380000    -9.984850
    8.390000    -9.982950
    8.400000    -9.981000
    8.410000    -9.979000
    8.420000    -9.976950
    8.430000    -9.974850
    8.440000    -9.972700
    8.450000    -9.970500
    8.460000    -9.968250
    8.470000    -9.965950
    8.480000    -9.963600
    8.490000    -9.961200
    8.500000    -9.958750
    8.510000    -9.956250
    8.520000    -9.953700
    8.530000    -9.951100
    8.540000    -9.948450
    8.550000    -9.945750
    8.560000    -9.943000
    8.570000    -9.940200
    8.580000    -9.937350
    8.590000    -9.934450
    8.600000    -9.931500
    8.610000    -9.928500
    8.620000    -9.925450
    8.630000    -9.922350
    8.640000    -9.919200
    8.650000    -9.916000
    8.660000    -9.912750
    8.670000    -9.909450
    8.680000    -9.906100
    8.690000    -9.902700
    8.700000    -9.899250
    8.710000    -9.895750
    8.720000    -9.892200
    8.730000    -9.888600
    8.740000    -9.884950
    8.750000    -9.881250
    8.760000    -9.877500
    8.770000    -9.873700
    8.780000    -9.869850
    8.790000    -9.865950
    8.800000    -9.862000
    8.810000    -9.858000
    8.820000    -9.853950
    8.830000    -9.849850
    8.840000    -9.845700
    8.850000    -9.841500
    8.860000    -9.837250
    8.870000    -9.832950
    8.880000    -9.828600
    8.890000    -9.824200
    8.900000    -9.819750
    8.910000    -9.815250
    8.920000    -9.810700
    8.930000    -9.806100
    8.940000    -9.801450
    8.950000    -9.796750
    8.960000    -9.792000
    8.970000    -9.787200
    8.980000    -9.782350
    8.990000    -9.777450
    9.000000    -9.772500
    9.010000    -9.767500
    9.020000    -9.762450
    9.030000    -9.757350
    9.040000    -9.752200
    9.050000    -9.747000
    9.060000    -9.741750
    9.070000    -9.736450
    9.080000    -9.731100
    9.090000    -9.725700
    9.100000    -9.720250
    9.110000    -9.714750
    9.120000    -9.709200
    9.130000    -9.703600
    9.140000    -9.697950
    9.150000    -9.692250
    9.160000    -9.686500
    9.170000    -9.680700
    9.180000    -9.674850
    9.190000    -9.668950
    9.200000    -9.663000
    9.210000    -9.657000
    9.220000    -9.650950
    9.230000    -9.644850
    9.240000    -9.638700
    9.250000    -9.632500
    9.260000    -9.626250
    9.270000    -9.619950
    9.280000    -9.613600
    9.290000    -9.607200
    9.300000    -9.600750
    9.310000    -9.594250
    9.320000    -9.587700
    9.330000    -9.581100
    9.340000    -9.574450
    9.350000    -9.567750
    9.360000    -9.561000
    9.370000    -9.554200
    9.380000    -9.547350
    9.390000    -9.540450
    9.400000    -9.533500
    9.410000    -9.526500
    9.420000    -9.519450
    9.430000    -9.512350
    9.440000    -9.505200
    9.450000    -9.498000
    9.460000    -9.490750
    9.470000    -9.483450
    9.480000    -9.476100
    9.490000    -9.468700
    9.500000    -9.461250
    9.510000    -9.453750
    9.520000    -9.446200
    9.530000    -9.438600
    9.540000    -9.430950
    9.550000    -9.423250
    9.560000    -9.415500
    9.570000    -9.407700
    9.580000    -9.399850
    9.590000    -9.391950
    9.600000    -9.384000
    9.610000    -9.376000
    9.620000    -9.367950
    9.630000    -9.359850
    9.640000    -9.351700
    9.650000    -9.343500
    9.660000    -9.335250
    9.670000    -9.326950
    9.680000    -9.318600
    9.690000    -9.310200
    9.700000    -9.301750
    9.710000    -9.293250
    9.720000    -9.284700
    9.730000    -9.276100
    9.740000    -9.267450
    9.750000    -9.258750
    9.760000    -9.250000
    9.770000    -9.241200
    9.780000    -9.232350
    9.790000    -9.223450
    9.800000    -9.214500
    9.810000    -9.205500
    9.820000    -9.196450
    9.830000    -9.187350
    9.840000    -9.178200
    9.850000    -9.169000
    9.860000    -9.159750
    9.870000    -9.150450
    9.880000    -9.141100
    9.890000    -9.131700
    9.900000    -9.122250
    9.910000    -9.112750
    9.920000    -9.103200
    9.930000    -9.093600
    9.940000    -9.083950
    9.950000    -9.074250
    9.960000    -9.064500
    9.970000    -9.054700
    9.980000    -9.044850
    9.990000    -9.034950
   10.000000    -9.025000
   10.010000    -9.015000
   10.020000    -9.004950
   10.030000    -8.994850
   10.040000    -8.984700
   10.050000    -8.974500
   10.060000    -8.964250
   10.070000    -8.953950
   10.080000    -8.943600
   10.090000    -8.933200
   10.100000    -8.922750
   10.110000    -8.912250
   10.120000    -8.901700
   10.130000    -8.891100
   10.140000    -8.880450
   10.150000    -8.869750
   10.160000    -8.859000
   10.170000    -8.848200
   10.180000    -8.837350
   10.190000    -8.826450
   10.200000    -8.815500
   10.210000    -8.804500
   10.220000    -8.793450
   10.230000    -8.782350
   10.240000    -8.771200
   10.250000    -8.760000
   10.260000    -8.748750
   10.270000    -8.737450
   10.280000    -8.726100
   10.290000    -8.714700
   10.300000    -8.703250
   10.310000    -8.691750
   10.320000    -8.680200
   10.330000    -8.668600
   10.340000    -8.656950
   10.350000    -8.645250
   10.360000    -8.633500
   10.370000    -8.621700
   10.380000    -8.609850
   10.390000    -8.597950
   10.400000    -8.586000
   10.410000    -8.574000
   10.420000    -8.561950
   10.430000    -8.549850
   10.440000    -8.537700
   10.450000    -8.525500
   10.460000    -8.513250
   10.470000    -8.500950
   10.480000    -8.488600
   10.490000    -8.476200
   10.500000    -8.463750
   10.510000    -8.451250
   10.520000    -8.438700
   10.530000    -8.426100
   10.540000    -8.413450
   10.550000    -8.400750
   10.560000    -8.388000
   10.570000    -8.375200
   10.580000    -8.362350
   10.590000    -8.349450
   10.600000    -8.336500
   10.610000    -8.323500
   10.620000    -8.310450
   10.630000    -8.297350
   10.640000    -8.284200
   10.650000    -8.271000
   10.660000    -8.257750
   10.670000    -8.244450
   10.680000    -8.231100
   10.690000    -8.217700
   10.700000    -8.204250
   10.710000    -8.190750
   10.720000    -8.177200
   10.730000    -8.163600
   10.740000    -8.149950
   10.750000    -8.136250
   10.760000    -8.122500
   10.770000    -8.108700
   10.780000    -8.094850
   10.790000    -8.080950
   10.800000    -8.067000
   10.810000    -8.053000
   10.820000    -8.038950
   10.830000    -8.024850
   10.840000    -8.010700
   10.850000    -7.996500
   10.860000    -7.982250
   10.870000    -7.967950
   10.880000    -7.953600
   10.890000    -7.939200
   10.900000    -7.924750
   10.910000    -7.910250
   10.920000    -7.895700
   10.930000    -7.881100
   10.940000    -7.866450
   10.950000    -7.851750
   10.960000    -7.837000
   10.970000    -7.822200
   10.980000    -7.807350
   10.990000    -7.792450
   11.000000    -7.777500
   11.010000    -7.762500
   11.020000    -7.747450
   11.030000    -7.732350
   11.040000    -7.717200
   11.050000    -7.702000
   11.060000    -7.686750
   11.070000    -7.671450
   11.080000    -7.656100
   11.090000    -7.640700
   11.100000    -7.625250
   11.110000    -7.609750
   11.120000    -7.594200
   11.130000    -7.578600
   11.140000    -7.562950
   11.150000    -7.547250
   11.160000    -7.531500
   11.170000    -7.515700
   11.180000    -7.499850
   11.190000    -7.483950
   11.200000    -7.468000
   11.210000    -7.452000
   11.220000    -7.435950
   11.230000    -7.419850
   11.240000    -7.403700
   11.250000    -7.387500
   11.260000    -7.371250
   11.270000    -7.354950
   11.280000    -7.338600
   11.290000    -7.322200
   11.300000    -7.305750
   11.310000    -7.289250
   11.320000    -7.272700
   11.330000    -7.256100
   11.340000    -7.239450
   11.350000    -7.222750
   11.360000    -7.206000
   11.370000    -7.189200
   11.380000    -7.172350
   11.390000    -7.155450
   11.400000    -7.138500
   11.410000    -7.121500
   11.420000    -7.104450
   11.430000    -7.087350
   11.440000    -7.070200
   11.450000    -7.053000
   11.460000    -7.035750
   11.470000    -7.018450
   11.480000    -7.001100
   11.490000    -6.983700
   11.500000    -6.966250
   11.510000    -6.948750
   11.520000    -6.931200
   11.530000    -6.913600
   11.540000    -6.895950
   11.550000    -6.878250
   11.560000    -6.860500
   11.570000    -6.842700
   11.580000    -6.824850
   11.590000    -6.806950
   11.600000    -6.789000
   11.610000    -6.771000
   11.620000    -6.752950
   11.630000    -6.734850
   11.640000    -6.716700
   11.650000    -6.698500
   11.660000    -6.680250
   11.670000    -6.661950
   11.680000    -6.643600
   11.690000    -6.625200
   11.700000    -6.606750
   11.710000    -6.588250
   11.720000    -6.569700
   11.730000    -6.551100
   11.740000    -6.532450
   11.750000    -6.513750
   11.760000    -6.495000
   11.770000    -6.476200
   11.780000    -6.457350
   11.790000    -6.438450
   11.800000    -6.419500
   11.810000    -6.400500
   11.820000    -6.381450
   11.830000    -6.362350
   11.840000    -6.343200
   11.850000    -6.324000
   11.860000    -6.304750
   11.870000    -6.285450
   11.880000    -6.266100
   11.890000    -6.246700
   11.900000    -6.227250
   11.910000    -6.207750
   11.920000    -6.188200
   11.930000    -6.168600
   11.940000    -6.148950
   11.950000    -6.129250
   11.960000    -6.109500
   11.970000    -6.089700
   11.980000    -6.069850
   11.990000    -6.049950
   12.000000    -6.030000
   12.010000    -6.010000
   12.020000    -5.989950
   12.030000    -5.969850
   12.040000    -5.949700
   12.050000    -5.929500
   12.060000    -5.909250
   12.070000    -5.888950
   12.080000    -5.868600
   12.090000    -5.848200
   12.100000    -5.827750
   12.110000    -5.807250
   12.120000    -5.786700
   12.130000    -5.766100
   12.140000    -5.745450
   12.150000    -5.724750
   12.160000    -5.704000
   12.170000    -5.683200
   12.180000    -5.662350
   12.190000    -5.641450
   12.200000    -5.620500
   12.210000    -5.599500
   12.220000    -5.578450
   12.230000    -5.557350
   12.240000    -5.536200
   12.250000    -5.515000
   12.260000    -5.493750
   12.270000    -5.472450
   12.280000    -5.451100
   12.290000    -5.429700
   12.300000    -5.408250
   12.310000    -5.386750
   12.320000    -5.365200
   12.330000    -5.343600
   12.340000    -5.321950
   12.350000    -5.300250
   12.360000    -5.278500
   12.370000    -5.256700
   12.380000    -5.234850
   12.390000    -5.212950
   12.400000    -5.191000
   12.410000    -5.169000
   12.420000    -5.146950
   12.430000    -5.124850
   12.440000    -5.102700
   12.450000    -5.080500
   12.460000    -5.058250
   12.470000    -5.035950
   12.480000    -5.013600
   12.490000    -4.991200
   12.500000    -4.968750
   12.510000    -4.946250
   12.520000    -4.923700
   12.530000    -4.901100
   12.540000    -4.878450
   12.550000    -4.855750
   12.560000    -4.833000
   12.570000    -4.810200
   12.580000    -4.787350
   12.590000    -4.764450
   12.600000    -4.741500
   12.610000    -4.718500
   12.620000    -4.695450
   12.630000    -4.672350
   12.640000    -4.649200
   12.650000    -4.626000
   12.660000    -4.602750
   12.670000    -4.579450
   12.680000    -4.556100
   12.690000    -4.532700
   12.700000    -4.509250
   12.710000    -4.485750
   12.720000    -4.462200
   12.730000    -4.438600
   12.740000    -4.414950
   12.750000    -4.391250
   12.760000    -4.367500
   12.770000    -4.343700
   12.780000    -4.319850
   12.790000    -4.295950
   12.800000    -4.272000
   12.810000    -4.248000
   12.820000    -4.223950
   12.830000    -4.199850
   12.840000    -4.175700
   12.850000    -4.151500
   12.860000    -4.127250
   12.870000    -4.102950
   12.880000    -4.078600
   12.890000    -4.054200
   12.900000    -4.029750
   12.910000    -4.005250
   12.920000    -3.980700
   12.930000    -3.956100
   12.940000    -3.931450
   12.950000    -3.906750
   12.960000    -3.882000
   12.970000    -3.857200
   12.980000    -3.832350
   12.990000    -3.807450
   13.000000    -3.782500
   13.010000    -3.757500
   13.020000    -3.732450
   13.030000    -3.707350
   13.040000    -3.682200
   13.050000    -3.657000
   13.060000    -3.631750
   13.070000    -3.606450
   13.080000    -3.581100
   13.090000    -3.555700
   13.100000    -3.530250
   13.110000    -3.504750
   13.120000    -3.479200
   13.130000    -3.453600
   13.140000    -3.427950
   13.150000    -3.402250
   13.160000    -3.376500
   13.170000    -3.350700
   13.180000    -3.324850
   13.190000    -3.298950
   13.200000    -3.273000
   13.210000    -3.247000
   13.220000    -3.220950
   13.230000    -3.194850
   13.240000    -3.168700
   13.250000    -3.142500
   13.260000    -3.116250
   13.270000    -3.089950
   13.280000    -3.063600
   13.290000    -3.037200
   13.300000    -3.010750
   13.310000    -2.984250
   13.320000    -2.957700
   13.330000    -2.931100
   13.340000    -2.904450
   13.350000    -2.877750
   13.360000    -2.851000
   13.370000    -2.824200
   13.380000    -2.797350
   13.390000    -2.770450
   13.400000    -2.743500
   13.410000    -2.716500
   13.420000    -2.689450
   13.430000    -2.662350
   13.440000    -2.635200
   13.450000    -2.608000
   13.460000    -2.580750
   13.470000    -2.553450
   13.480000    -2.526100
   13.490000    -2.498700
   13.500000    -2.471250
   13.510000    -2.443750
   13.520000    -2.416200
   13.530000    -2.388600
   13.540000    -2.360950
   13.550000    -2.333250
   13.560000    -2.305500
   13.570000    -2.277700
   13.580000    -2.249850
   13.590000    -2.221950
   13.600000    -2.194000
   13.610000    -2.166000
   13.620000    -2.137950
   13.630000    -2.109850
   13.640000    -2.081700
   13.650000    -2.053500
   13.660000    -2.025250
   13.670000    -1.996950
   13.680000    -1.968600
   13.690000    -1.940200
   13.700000    -1.911750
   13.710000    -1.883250
   13.720000    -1.854700
   13.730000    -1.826100
   13.740000    -1.797450
   13.750000    -1.768750
   13.760000    -1.740000
   13.770000    -1.711200
   13.780000    -1.682350
   13.790000    -1.653450
   13.800000    -1.624500
   13.810000    -1.595500
   13.820000    -1.566450
   13.830000    -1.537350
   13.840000    -1.508200
   13.850000    -1.479000
   13.860000    -1.449750
   13.870000    -1.420450
   13.880000    -1.391100
   13.890000    -1.361700
   13.900000    -1.332250
   13.910000    -1.302750
   13.920000    -1.273200
   13.930000    -1.243600
   13.940000    -1.213950
   13.950000    -1.184250
   13.960000    -1.154500
   13.970000    -1.124700
   13.980000    -1.094850
   13.990000    -1.064950
   14.000000    -1.035000
   14.010000    -1.005000
   14.020000    -0.974950
   14.030000    -0.944850
   14.040000    -0.914700
   14.050000    -0.884500
   14.060000    -0.854250
   14.070000    -0.823950
   14.080000    -0.793600
   14.090000    -0.763200
   14.100000    -0.732750
   14.110000    -0.702250
   14.120000    -0.671700
   14.130000    -0.641100
   14.140000    -0.610450
   14.150000    -0.579750
   14.160000    -0.549000
   14.170000    -0.518200
   14.180000    -0.487350
   14.190000    -0.456450
   14.200000    -0.425500
   14.210000    -0.394500
   14.220000    -0.363450
   14.230000    -0.332350
   14.240000    -0.301200
   14.250000    -0.270000
   14.260000    -0.238750
   14.270000    -0.207450
   14.280000    -0.176100
   14.290000    -0.144700
   14.300000    -0.113250
   14.310000    -0.081750
   14.320000    -0.050200
   14.330000    -0.018600
   14.340000     0.013050
   14.350000     0.044750
   14.360000     0.076500
   14.370000     0.108300
   14.380000     0.140150
   14.390000     0.172050
   14.400000     0.204000
   14.410000     0.236000
   14.420000     0.268050
   14.430000     0.300150
   14.440000     0.332300
   14.450000     0.364500
   14.460000     0.396750
   14.470000     0.429050
   14.480000     0.461400
   14.490000     0.493800
   14.500000     0.526250
   14.510000     0.558750
   14.520000     0.591300
   14.530000     0.623900
   14.540000     0.656550
   14.550000     0.689250
   14.560000     0.722000
   14.570000     0.754800
   14.580000     0.787650
   14.590000     0.820550
   14.600000     0.853500
   14.610000     0.886500
   14.620000     0.919550
   14.630000     0.952650
   14.640000     0.985800
   14.650000     1.019000
   14.660000     1.052250
   14.670000     1.085550
   14.680000     1.118900
   14.690000     1.152300
   14.700000     1.185750
   14.710000     1.219250
   14.720000     1.252800
   14.730000     1.286400
   14.740000     1.320050
   14.750000     1.353750
   14.760000     1.387500
   14.770000     1.421300
   14.780000     1.455150
   14.790000     1.489050
   14.800000     1.523000
   14.810000     1.557000
   14.820000     1.591050
   14.830000     1.625150
   14.840000     1.659300
   14.850000     1.693500
   14.860000     1.727750
   14.870000     1.762050
   14.880000     1.796400
   14.890000     1.830800
   14.900000     1.865250
   14.910000     1.899750
   14.920000     1.934300
   14.930000     1.968900
   14.940000     2.003550
   14.950000     2.038250
   14.960000     2.073000
   14.970000     2.107800
   14.980000     2.142650
   14.990000     2.177550
   15.000000     2.212500
   15.010000     2.247500
   15.020000     2.282550
   15.030000     2.317650
   15.040000     2.352800
   15.050000     2.388000
   15.060000     2.423250
   15.070000     2.458550
   15.080000     2.493900
   15.090000     2.529300
   15.100000     2.564750
   15.110000     2.600250
   15.120000     2.635800
   15.130000     2.671400
   15.140000     2.707050
   15.150000     2.742750
   15.160000     2.778500
   15.170000     2.814300
   15.180000     2.850150
   15.190000     2.886050
   15.200000     2.922000
   15.210000     2.958000
   15.220000     2.994050
   15.230000     3.030150
   15.240000     3.066300
   15.250000     3.102500
   15.260000     3.138750
   15.270000     3.175050
   15.280000     3.211400
   15.290000     3.247800
   15.300000     3.284250
   15.310000     3.320750
   15.320000     3.357300
   15.330000     3.393900
   15.340000     3.430550
   15.350000     3.467250
   15.360000     3.504000
   15.370000     3.540800
   15.380000     3.577650
   15.390000     3.614550
   15.400000     3.651500
   15.410000     3.688500
   15.420000     3.725550
   15.430000     3.762650
   15.440000     3.799800
   15.450000     3.837000
   15.460000     3.874250
   15.470000     3.911550
   15.480000     3.948900
   15.490000     3.986300
   15.500000     4.023750
   15.510000     4.061250
   15.520000     4.098800
   15.530000     4.136400
   15.540000     4.174050
   15.550000     4.211750
   15.560000     4.249500
   15.570000     4.287300
   15.580000     4.325150
   15.590000     4.363050
   15.600000     4.401000
   15.610000     4.439000
   15.620000     4.477050
   15.630000     4.515150
   15.640000     4.553300
   15.650000     4.591500
   15.660000     4.629750
   15.670000     4.668050
   15.680000     4.706400
   15.690000     4.744800
   15.700000     4.783250
   15.710000     4.821750
   15.720000     4.860300
   15.730000     4.898900
   15.740000     4.937550
   15.750000     4.976250
   15.760000     5.015000
   15.770000     5.053800
   15.780000     5.092650
   15.790000     5.131550
   15.800000     5.170500
   15.810000     5.209500
   15.820000     5.248550
   15.830000     5.287650
   15.840000     5.326800
   15.850000     5.366000
   15.860000     5.405250
   15.870000     5.444550
   15.880000     5.483900
   15.890000     5.523300
   15.900000     5.562750
   15.910000     5.602250
   15.920000     5.641800
   15.930000     5.681400
   15.940000     5.721050
   15.950000     5.760750
   15.960000     5.800500
   15.970000     5.840300
   15.980000     5.880150
   15.990000     5.920050
   16.000000     5.960000
   16.010000     6.000000
   16.020000     6.040050
   16.030000     6.080150
   16.040000     6.120300
   16.050000     6.160500
   16.060000     6.200750
   16.070000     6.241050
   16.080000     6.281400
   16.090000     6.321800
   16.100000     6.362250
   16.110000     6.402750
   16.120000     6.443300
   16.130000     6.483900
   16.140000     6.524550
   16.150000     6.565250
   16.160000     6.606000
   16.170000     6.646800
   16.180000     6.687650
   16.190000     6.728550
   16.200000     6.769500
   16.210000     6.810500
   16.220000     6.851550
   16.230000     6.892650
   16.240000     6.933800
   16.250000     6.975000
   16.260000     7.016250
   16.270000     7.057550
   16.280000     7.098900
   16.290000     7.140300
   16.300000     7.181750
   16.310000     7.223250
   16.320000     7.264800
   16.330000     7.306400
   16.340000     7.348050
   16.350000     7.389750
   16.360000     7.431500
   16.370000     7.473300
   16.380000     7.515150
   16.390000     7.557050
   16.400000     7.599000
   16.410000     7.641000
   16.420000     7.683050
   16.430000     7.725150
   16.440000     7.767300
   16.450000     7.809500
   16.460000     7.851750
   16.470000     7.894050
   16.480000     7.936400
   16.490000     7.978800
   16.500000     8.021250
   16.510000     8.063750
   16.520000     8.106300
   16.530000     8.148900
   16.540000     8.191550
   16.550000     8.234250
   16.560000     8.277000
   16.570000     8.319800
   16.580000     8.362650
   16.590000     8.405550
   16.600000     8.448500
   16.610000     8.491500
   16.620000     8.534550
   16.630000     8.577650
   16.640000     8.620800
   16.650000     8.664000
   16.660000     8.707250
   16.670000     8.750550
   16.680000     8.793900
   16.690000     8.837300
   16.700000     8.880750
   16.710000     8.924250
   16.720000     8.967800
   16.730000     9.011400
   16.740000     9.055050
   16.750000     9.098750
   16.760000     9.142500
   16.770000     9.186300
   16.780000     9.230150
   16.790000     9.274050
   16.800000     9.318000
   16.810000     9.362000
   16.820000     9.406050
   16.830000     9.450150
   16.840000     9.494300
   16.850000     9.538500
   16.860000     9.582750
   16.870000     9.627050
   16.880000     9.671400
   16.890000     9.715800
   16.900000     9.760250
   16.910000     9.804750
   16.920000     9.849300
   16.930000     9.893900
   16.940000     9.938550
   16.950000     9.983250
   16.960000    10.028000
   16.970000    10.072800
   16.980000    10.117650
   16.990000    10.162550
   17.000000    10.207500
   17.010000    10.252500
   17.020000    10.297550
   17.030000    10.342650
   17.040000    10.387800
   17.050000    10.433000
   17.060000    10.478250
   17.070000    10.523550
   17.080000    10.568900
   17.090000    10.614300
   17.100000    10.659750
   17.110000    10.705250
   17.120000    10.750800
   17.130000    10.796400
   17.140000    10.842050
   17.150000    10.887750
   17.160000    10.933500
   17.170000    10.979300
   17.180000    11.025150
   17.190000    11.071050
   17.200000    11.117000
   17.210000    11.163000
   17.220000    11.209050
   17.230000    11.255150
   17.240000    11.301300
   17.250000    11.347500
   17.260000    11.393750
   17.270000    11.440050
   17.280000    11.486400
   17.290000    11.532800
   17.300000    11.579250
   17.310000    11.625750
   17.320000    11.672300
   17.330000    11.718900
   17.340000    11.765550
   17.350000    11.812250
   17.360000    11.859000
   17.370000    11.905800
   17.380000    11.952650
   17.390000    11.999550
   17.400000    12.046500
   17.410000    12.093500
   17.420000    12.140550
   17.430000    12.187650
   17.440000    12.234800
   17.450000    12.282000
   17.460000    12.329250
   17.470000    12.376550
   17.480000    12.423900
   17.490000    12.471300
   17.500000    12.518750
   17.510000    12.566250
   17.520000    12.613800
   17.530000    12.661400
   17.540000    12.709050
   17.550000    12.756750
   17.560000    12.804500
   17.570000    12.852300
   17.580000    12.900150
   17.590000    12.948050
   17.600000    12.996000
   17.610000    13.044000
   17.620000    13.092050
   17.630000    13.140150
   17.640000    13.188300
   17.650000    13.236500
   17.660000    13.284750
   17.670000    13.333050
   17.680000    13.381400
   17.690000    13.429800
   17.700000    13.478250
   17.710000    13.526750
   17.720000    13.575300
   17.730000    13.623900
   17.740000    13.672550
   17.750000    13.721250
   17.760000    13.770000
   17.770000    13.818800
   17.780000    13.867650
   17.790000    13.916550
   17.800000    13.965500
   17.810000    14.014500
   17.820000    14.063550
   17.830000    14.112650
   17.840000    14.161800
   17.850000    14.211000
   17.860000    14.260250
   17.870000    14.309550
   17.880000    14.358900
   17.890000    14.408300
   17.900000    14.457750
   17.910000    14.507250
   17.920000    14.556800
   17.930000    14.606400
   17.940000    14.656050
   17.950000    14.705750
   17.960000    14.755500
   17.970000    14.805300
   17.980000    14.855150
   17.990000    14.905050
   18.000000    14.955000
   18.010000    15.005000
   18.020000    15.055050
   18.030000    15.105150
   18.040000    15.155300
   18.050000    15.205500
   18.060000    15.255750
   18.070000    15.306050
   18.080000    15.356400
   18.090000    15.406800
   18.100000    15.457250
   18.110000    15.507750
   18.120000    15.558300
   18.130000    15.608900
   18.140000    15.659550
   18.150000    15.710250
   18.160000    15.761000
   18.170000    15.811800
   18.180000    15.862650
   18.190000    15.913550
   18.200000    15.964500
   18.210000    16.015500
   18.220000    16.066550
   18.230000    16.117650
   18.240000    16.168800
   18.250000    16.220000
   18.260000    16.271250
   18.270000    16.322550
   18.280000    16.373900
   18.290000    16.425300
   18.300000    16.476750
   18.310000    16.528250
   18.320000    16.579800
   18.330000    16.631400
   18.340000    16.683050
   18.350000    16.734750
   18.360000    16.786500
   18.370000    16.838300
   18.380000    16.890150
   18.390000    16.942050
   18.400000    16.994000
   18.410000    17.046000
   18.420000    17.098050
   18.430000    17.150150
   18.440000    17.202300
   18.450000    17.254500
   18.460000    17.306750
   18.470000    17.359050
   18.480000    17.411400
   18.490000    17.463800
   18.500000    17.516250
   18.510000    17.568750
   18.520000    17.621300
   18.530000    17.673900
   18.540000    17.726550
   18.550000    17.779250
   18.560000    17.832000
   18.570000    17.884800
   18.580000    17.937650
   18.590000    17.990550
   18.600000    18.043500
   18.610000    18.096500
   18.620000    18.149550
   18.630000    18.202650
   18.640000    18.255800
   18.650000    18.309000
   18.660000    18.362250
   18.670000    18.415550
   18.680000    18.468900
   18.690000    18.522300
   18.700000    18.575750
   18.710000    18.629250
   18.720000    18.682800
   18.730000    18.736400
   18.740000    18.790050
   18.750000    18.843750
   18.760000    18.897500
   18.770000    18.951300
   18.780000    19.005150
   18.790000    19.059050
   18.800000    19.113000
   18.810000    19.167000
   18.820000    19.221050
   18.830000    19.275150
   18.840000    19.329300
   18.850000    19.383500
   18.860000    19.437750
   18.870000    19.492050
   18.880000    19.546400
   18.890000    19.600800
   18.900000    19.655250
   18.910000    19.709750
   18.920000    19.764300
   18.930000    19.818900
   18.940000    19.873550
   18.950000    19.928250
   18.960000    19.983000
   18.970000    20.037800
   18.980000    20.092650
   18.990000    20.147550
   19.000000    20.202500
   19.010000    20.257500
   19.020000    20.312550
   19.030000    20.367650
   19.040000    20.422800
   19.050000    20.478000
   19.060000    20.533250
   19.070000    20.588550
   19.080000    20.643900
   19.090000    20.699300
   19.100000    20.754750
   19.110000    20.810250
   19.120000    20.865800
   19.130000    20.921400
   19.140000    20.977050
   19.150000    21.032750
   19.160000    21.088500
   19.170000    21.144300
   19.180000    21.200150
   19.190000    21.256050
   19.200000    21.312000
   19.210000    21.368000
   19.220000    21.424050
   19.230000    21.480150
   19.240000    21.536300
   19.250000    21.592500
   19.260000    21.648750
   19.270000    21.705050
   19.280000    21.761400
   19.290000    21.817800
   19.300000    21.874250
   19.310000    21.930750
   19.320000    21.987300
   19.330000    22.043900
   19.340000    22.100550
   19.350000    22.157250
   19.360000    22.214000
   19.370000    22.270800
   19.380000    22.327650
   19.390000    22.384550
   19.400000    22.441500
   19.410000    22.498500
   19.420000    22.555550
   19.430000    22.612650
   19.440000    22.669800
   19.450000    22.727000
   19.460000    22.784250
   19.470000    22.841550
   19.480000    22.898900
   19.490000    22.956300
   19.500000    23.013750
   19.510000    23.071250
   19.520000    23.128800
   19.530000    23.186400
   19.540000    23.244050
   19.550000    23.301750
   19.560000    23.359500
   19.570000    23.417300
   19.580000    23.475150
   19.590000    23.533050
   19.600000    23.591000
   19.610000    23.649000
   19.620000    23.707050
   19.630000    23.765150
   19.640000    23.823300
   19.650000    23.881500
   19.660000    23.939750
   19.670000    23.998050
   19.680000    24.056400
   19.690000    24.114800
   19.700000    24.173250
   19.710000    24.231750
   19.720000    24.290300
   19.730000    24.348900
   19.740000    24.407550
   19.750000    24.466250
   19.760000    24.525000
   19.770000    24.583800
   19.780000    24.642650
   19.790000    24.701550
   19.800000    24.760500
   19.810000    24.819500
   19.820000    24.878550
   19.830000    24.937650
   19.840000    24.996800
   19.850000    25.056000
   19.860000    25.115250
   19.870000    25.174550
   19.880000    25.233900
   19.890000    25.293300
   19.900000    25.352750
   19.910000    25.412250
   19.920000    25.471800
   19.930000    25.531400
   19.940000    25.591050
   19.950000    25.650750
   19.960000    25.710500
   19.970000    25.770300
   19.980000    25.830150
   19.990000    25.890050
   20.000000    25.950000